# Max Likelihood=  -63687.30706099175  N_real= 1
0 0.0 0.0 0.0 0.0 0.0 0.0 0.0
1 0.0 0.0 0.0 0.0 0.0 0.0 0.0
2 0.0 0.0 0.0 0.0 0.0 0.0 0.0
3 0.0 0.0 0.0 0.0 0.0 0.0 0.0
4 0.0 0.0 0.0 0.0 0.0 0.0 0.0
5 0.0 0.0 0.0 0.0 0.0 0.0 0.0
6 0.0 0.0 0.0 0.0 0.0 0.0 0.0
7 0.0 0.0 0.0 0.0 0.0 0.0 0.0
8 0.0 0.0 0.0 0.0 0.0 0.0 0.0
9 0.0 0.0 0.0 0.0 0.0 0.0 0.0
10 0.0 0.0 0.0 0.0 0.0 0.0 0.0
11 0.0 0.0 0.0 0.0 0.0 0.0 0.0
12 0.0 0.0 0.0 0.0 0.0 0.0 0.0
13 0.0 0.0 0.0 0.0 0.0 0.0 0.0
14 0.0 0.0 0.0 0.0 0.0 0.0 0.0
15 1.5813704534949076 1.059968307997401 2.124743463238357 0.0 0.0 0.0 3.7223348054160574
16 1.0408546364899598 2.1263822349319157 0.38279109781918397 0.0 0.0 1.4483349805969792 1.2080141024984252
17 0.0 1.0401135191362716 0.0 1.5322994812318713 0.6722512967003265 0.616002531744792 0.44895647627175045
18 0.0 2.158737037950027 0.9015942145064698 0.0 0.3456885740448222 0.0 1.3553068533167447
19 0.9953087209887759 0.5361589163207272 2.9019431458975404 0.0 0.0 0.0 0.8601263258400202
20 1.1340370036866791 1.4071243781495888 0.0 1.2600527561546513 0.0 0.520670794959858 0.8660762599140249
21 0.15768318049902627 1.6473752756487037 0.2850110793451817 1.0069749604529086 0.0 1.9336927304388407 1.319106346689411
22 0.6291089138215102 1.0672247245455928 1.3756643516962135 1.6179901633322191 0.0 0.0 1.3931169133403563
23 2.214890237543294 0.0 2.6759146221883348 0.0 0.0 0.3844939337927944 1.1113531274889084
24 1.5214039578875846 0.0 2.889403457691876 0.0 0.0 0.0 0.0
25 2.262470884764362 0.13066713031508553 0.5128908698892711 0.0 0.0 0.8317031882929673 0.9742218799284399
26 1.383483832506538 0.7462946849165971 0.00023045118806815708 0.31457484430656363 0.0 0.18471817568981477 0.28835447457772856
27 0.0 1.4721434417853285 0.0 1.5311365952496314 1.0683340888043529 0.989816201627062 1.0244257975293412
28 0.5963909813989157 1.865867358476772 0.45791537182067327 0.0 0.14785916392335208 2.0012091503300526 0.0
29 0.12189435533941562 2.315505223570961 0.0 0.0 0.830668160032666 0.0 1.3572188593702097
30 0.0 1.6642228671543313 0.22080308751271227 0.0 1.0000601633631931 0.0 0.0
31 0.1599468594166576 1.1320156229628928 0.0 0.5204196127398648 0.0 0.48954298132631363 0.0
32 0.0 1.8253608156654548 0.0 0.0 1.9178187652182777 0.0 3.2658492625437834
33 0.1641026618370694 1.2236113164912747 0.0 0.3614336338296037 1.2982651623178931 1.9988168566828013 0.0
34 0.0 1.7800936009579589 0.0 0.0 1.7862648112786688 2.4911237260487873 2.6005147037487184
35 2.795021163773722 0.0 0.4831451396140531 0.0 0.0 1.1662432857371008e-05 0.0
36 0.951003626349725 0.0 0.45421034898962565 2.972679960879594 0.0 0.0 0.0
37 0.0 0.733783698871487 0.0 0.0 3.4224655888481577 0.0 0.0
38 0.0 0.0 0.0 0.0 0.43994234746960104 0.0 0.0
39 0.3552516160776107 1.7011198432801384 2.2238578094460353 0.0 0.0 0.47545332431332166 3.544189440259116
40 0.0 1.3616863363122156 0.0 0.0 2.2691302668926965 0.9012186063845724 1.2379626446550343
41 0.0 1.4897739926368305 0.0 0.0 2.912026816408088 0.0 2.951071483757498
42 0.7085762125164665 1.2667217309736631 0.0 0.0 0.24616775688453205 2.3123650217099456 1.561948972535081
43 0.0 1.24705582866924 0.0 0.0 3.9034270323243243 0.5438799444067606 1.0572363364786965
44 0.0 1.2806988374075035 0.0 0.0 4.049312335018871 1.5259238298438116 2.4781310250594615
45 0.0 1.42722786220108 0.0 0.0 2.001235479277798 0.0 1.0523407339250472
46 0.0 0.8669966599808134 0.0 0.0 3.9209103136291286 1.2177935411195269 0.6762129224324661
47 0.0 0.9175513127684563 0.0 0.0 4.017113295835986 1.5970925318125837 1.1920600081951194
48 1.5928038178239508 0.7283828790444685 0.0 0.0 0.0 0.28325225150108446 0.0
49 0.0 1.5281878523533514 0.0 0.0 4.165833348535905 0.6678184156828368 0.0
50 1.037542240578678 1.291734410251165 0.0 1.110358324813211 0.3706459112654472 0.4699124558315718 0.655003018592342
51 2.885885337069734 0.0 0.16420341702095229 0.0 0.0 0.05400886346016774 0.0
52 0.12736549656199506 2.144921347372279 0.1598439503993783 0.0 0.0 1.8332247605274365 0.877589527879908
53 0.8869134057917698 1.3512567324567795 0.0 0.0 0.0 2.8117133534117675 1.2451243198087665
54 1.062029063544235 1.697672539823622 0.44823226734873356 0.0 0.1299808459049363 1.3142609346833236 2.6504153124932928
55 0.3086591587981742 0.36138499566445664 3.3066860409637346 0.24307863757346554 0.0 0.0 0.6104062532017913
56 0.0 1.891694324550953 0.0 0.0 1.3606410482048978 1.228152358397356 3.9999648050890224
57 1.1269620275427488 0.0 0.1525319744862536 0.638640445181156 0.0 0.0 0.0
58 2.836072237193549 0.0 0.914347240911223 0.0 0.0 0.0 0.0
59 0.0 0.0 0.0 0.5888215190633245 2.3346932453462346 0.4222369206135799 0.0
60 0.0 1.3958366250470138 0.0 0.0 2.8021754617011916 0.2857121617749482 0.0
61 1.527562751320183 0.0 0.0 0.009168439762284371 0.0 2.56770865482784 0.18358194233728742
62 0.0 1.180430426790954 0.0 0.0 3.6794670612880913 0.4631836521519628 2.540443316428531
63 2.6833170254733183 0.0 0.8669729483379482 0.0 0.0 0.7018498204083206 0.0
64 0.0 1.1938400731937209 0.0 0.0 3.3684856440281084 0.0 0.9773170855217158
65 0.12965178113465037 1.3066634165362891 0.0 1.2339936629796324 2.3419819435996576 1.1419141621310465 0.0
66 0.0 1.4184441280568125 0.0 0.0 2.04151594854331 0.0 0.0
67 2.3238853951084826 0.0 2.098538661457784 0.0 0.0 0.5840417226934899 0.18019944446262615
68 2.158203079725915 0.0 1.2967310093658535 0.18448239529120158 0.0 0.0 0.0
69 1.8509468448097106 0.0 3.2148679359400036 0.0 0.0 0.0 0.042743327650735324
70 0.0 1.6120079101487987 0.0 0.0 1.8124474886474238 0.0 0.5012017151034104
71 1.803144928067502 0.0 0.6638503019562503 0.0 0.0 1.531013108830683 0.0
72 2.378479581186503 0.0 0.0 0.0 0.0 0.0 0.0
73 2.93115218311781 0.0 0.0 0.0 0.0 0.5911255023950732 0.0
74 1.6009518807720373 0.7644255392914157 0.7238486560874532 0.0 0.0 0.0 0.5330718857402104
75 0.05569071164543582 0.5530738713546606 0.0 1.5045730089500418 0.169067993623701 0.0 0.6683597414574722
76 2.5372478811316244 0.0 1.3763183013740337 0.0 0.0 0.21281013114069885 0.0
77 0.0 1.4924748407467399 0.0 0.0 2.9518888257741005 0.0 1.2598050780117689
78 0.0 2.018211782254708 0.0 0.0 0.5408037918478872 0.2759283164925051 0.8297563142715748
79 0.4041197509125195 1.6827546180789148 0.0 0.0 1.3910880709910987 1.2560796899490474 0.7638927477754359
80 0.7945619009984661 0.0 3.488493622200462 0.0 0.0 0.0 0.0
81 0.0 1.6710534995231914 0.0 0.17155255902551952 1.8668602836318753 0.0 0.9794131853205916
82 0.0 1.0643225368774674 0.0 0.1688769680111912 1.9431466517952738 0.0 0.0
83 0.3774442192014459 1.1224685067389308 1.9888611636094224 0.6173274537902197 0.0 0.0 0.2551890309108383
84 0.0 1.201729593313232 0.0 0.0 2.5698000834703487 0.0 2.735860066004751
85 0.4345073809153357 0.8386564815787627 1.1163857742074945 0.5822343841103539 0.0 0.0 0.0
86 0.0 0.2614921209579312 1.185590025472548 0.0 1.328242575129265 0.0 1.7705608635161654
87 2.5706454625004174 0.0 0.383120859728031 0.0 0.0 0.1738762272583355 0.0
88 0.0 0.7298191731407198 0.0 0.0 4.097961776683794 1.3881866216104357 0.0
89 0.0 1.5603407126791402 0.0 0.4899766742112045 0.8743032788922898 0.0 0.0
90 1.042907794989255 1.7254818115486645 0.47511152132070067 0.19367885985999173 0.0 1.6801751965559573 1.242790635800513
91 2.379056259056943 0.0 0.0 0.24274823702141976 0.2803237508067692 0.2559916776483969 0.0
92 0.20768531563361645 0.48606398187957345 0.0 1.337965641449872 0.0 0.0 0.0
93 2.2434109166741836 0.0 1.5369134385900471 0.027545821270552377 0.0 0.0 0.0
94 0.5782579802664448 0.0 1.0081755889191664 1.4339322127079406 0.0 0.0 0.4691519974670143
95 2.282396246749247 0.23070827448235756 0.0 0.0 0.0 1.1518822920673453 0.0
96 2.502161212046158 0.0 0.15739492390522508 0.19289020901806295 0.0 0.0 0.0
97 0.0 1.2331400064324118 0.0 0.0 3.831428242738025 0.795604032556296 1.8973147627232012
98 0.6295575018396058 1.5218796988984826 1.12493289099632 0.09552047347277287 0.34038563511560443 1.2489794747071616 2.62925760568978
99 0.0 0.3606851198287665 0.0 0.15881041602448379 0.0 0.0 0.0
100 0.0 0.8941435112955469 0.0 0.0 3.21711867825561 0.0 0.0
101 0.4148657485957302 0.779136309520575 0.6424022326241716 0.7897121413732737 0.0 0.0 2.6701417055813925
102 0.0 0.0 0.0 1.2195858484231104 0.7320121442704594 0.5258354256696285 1.0443118839254135
103 1.637636756490122 0.0 3.0844302245780804 0.0 0.0 0.0 0.0
104 0.0 1.2424729669620147 0.0 0.0 2.9409900501974864 0.3641279269054073 0.0
105 0.0 1.3579011251214423 0.0 0.0 3.1657611551884854 1.068119329837285 3.1651969840284497
106 2.1632930515079933 0.0 0.0 0.0017656737656634215 0.0 2.0911291739939557 0.0
107 0.0 2.5328573706505217 0.4299036224123608 0.8645487489206639 0.0 0.0 0.0
108 1.19281290244319 1.757774014201634 0.0 0.0 0.0 0.0 0.6069684251714778
109 0.0 2.0093705796526473 0.6231656799788965 0.5882162023203354 0.051040419164125696 0.0 3.0053279657620013
110 0.0 0.9362801321987128 4.808695836167978 0.6378279578470571 0.0 0.0 0.5232918030541831
111 0.0 2.039289038558291 0.0 0.0 1.3266224872137167 0.0 1.8777032651712626
112 0.0 0.0 0.0 0.8323083023127024 1.025032138229859 1.6654086761591331 1.416486013653877
113 0.0 1.2903117493972092 0.0 0.0 2.10789456441874 0.25967982187056016 0.0
114 0.0 1.169240264451426 0.0 0.0 3.2144229136707736 2.4383367801418725 2.1385772427822087
115 0.6900738521837384 1.6525458136443243 2.332519657028532 0.0 0.0 1.0595776371871368 2.695841672851167
116 0.0 1.5698867107272803 0.0 0.29666860728185473 0.7458870739066109 1.752360833857109 0.0
117 0.924505784710814 0.0 3.1876588399036705 0.0 0.0 0.0 2.1156893517031032
118 1.266597696378533 0.0 0.5121395933457318 1.0164407757602547 0.0 0.0 0.0
119 0.0 1.5066320414139234 0.0 0.2983198761355982 2.285531112398411 1.1244186278048522 1.456709245325604
120 0.0 1.8326807249950035 0.0 0.0 1.852656160427999 1.0646384355738374 1.0322855276670162
121 0.0 0.5997051352605751 0.0 0.0 3.0806478960052965 0.0 0.0
122 1.6329023367564346 0.0 3.5844041288908315 0.0 0.0 0.0 0.0
123 1.828188675308935 0.0 0.2583604976012126 0.8057646145421458 0.0 0.44238602160931084 0.07547720074960187
124 1.8578125025445187 0.0 1.0424245701993966 0.5978864659673564 0.0 1.097002230028152 0.17059237555970336
125 2.540969706228002 0.0 0.010652921915578144 0.6244989163755519 0.0 0.0 0.0
126 0.3984848089709402 0.0 3.080836574003704 0.49830384527899435 0.0 0.0 0.0
127 0.0 1.3553030229430096 0.0 0.0 2.839783626523761 0.2755688257169757 0.0
128 0.9468712846525436 1.5188588356712727 0.0 0.0 0.0 2.7492944174066736 0.1695937789127752
129 2.2602788148049764 0.0 0.5447983517706493 0.0031233819207749152 0.0 0.0 0.0
130 0.0 0.0 0.0 2.0645354083182887 0.0 0.0 0.0
131 0.08201653728229322 0.0 0.0 0.0 0.0 0.0 0.0
132 2.0171473913660956 0.0 1.0356988881632077 0.0 0.0 0.0 0.0
133 0.4267700864525341 1.7252561202957817 1.661786907384193 0.30331317294058086 0.0 0.006119409948332828 1.5055142095212894
134 2.216949236928566 0.0 0.0 0.20657842955197697 0.0 0.7492304271726014 0.0
135 2.5346983442022273 0.0 0.8931610187865195 0.0 0.0 1.1062568664034695 0.0
136 0.0 1.6357191161875948 0.0 0.0 1.1345019196770645 2.1111955095324095 1.093158673145909
137 3.043636025470458 0.0 0.35608877705086894 0.0 0.0 0.0 0.0
138 0.0 1.3488973008301208 0.10855834028252052 0.30165962704187543 0.0 0.0 0.0
139 1.106436728662564 0.5870448743610159 0.0 0.0 0.17973623206414835 2.200281786563342 0.0
140 0.9374672354717672 0.0 4.180859165598086 0.9580701068004984 0.0 0.0 1.4565887948530238
141 2.3815995251303654 0.0 0.0 0.0 0.0 0.557477745841414 0.0
142 1.6963150979225778 0.0 0.0 0.5268379375991624 0.0 0.0 0.0
143 0.0 0.24045674655251098 0.0 0.0 0.0 0.0 0.0
144 2.870578804880262 0.0 0.0 0.0 0.0 0.0 0.0
145 0.0 1.8854800327637138 0.0 0.0 0.7829237716966646 3.1144289427158354 0.9662501550692474
146 0.0 2.2213517065089223 0.31294886283726914 0.5031953418881225 0.0 0.0 0.8553932627290166
147 0.0 0.5248665223785669 0.0 0.41837341468308187 0.0 0.0 0.0
148 0.0 2.2983856363005373 0.0 0.36054162128520545 0.5723065477151744 0.5739488429888933 4.2126469255487607e-07
149 1.941820188165993 0.4073498715249345 1.068431274215358 0.20084007163895368 0.0 0.0 0.0
150 1.1905496468351395 1.59649720033162 0.1346036562615328 0.0 0.0 1.136168550427476 0.0
151 0.423488491904353 0.8136165089513054 4.031326396283426 0.0 0.0 0.0 1.8012167075053305
152 1.079244583696986 1.639265491669625 0.3620884778943857 0.0 0.0 1.594797029549702 2.6448054393279445
153 0.0 0.0 0.0 0.0 1.6717809203844842 0.0 0.0
154 0.0 1.0946289638760398 0.0 1.6660530883860232 0.0 0.33472875731458646 1.0574268169133114
155 2.1309926874297873 0.0 2.0832113141994 0.17635005175002616 0.0 0.0 0.0
156 0.0 0.2539329307002933 3.2750065402193895 1.7412659011173146 0.0 0.0 1.0472208553514828
157 0.08852386869043932 0.5482924229145452 2.546072044268942 0.48564508544042906 0.0 0.0 0.20565739607969086
158 0.0 1.5910281045607868 0.0 0.0 1.659535927463493 1.7524987697876417 1.6701513216392931
159 0.0 1.6859718798908205 0.0 0.0 0.9872402105957543 0.42207913053098506 0.0
160 0.0 0.01953778813548193 0.0 1.9824074458106473 1.3854012736545749 0.6302156018826007 0.0
161 0.12799431108245146 0.0 2.39523292556275 0.0 0.0 0.0 0.0
162 0.0353792374778729 0.4085219262212619 1.9962768434502325 0.7891637075584373 0.0 0.0 0.0
163 1.895224899129709 0.39790811268815 0.8146884037891613 0.0 0.0 0.34744704051567976 0.23571649187743177
164 2.7245596205497957 0.0 0.09057254302582662 0.0 0.0 1.9899038333297532 0.2928936322174093
165 0.0 0.0 4.876803354421579 0.7020180629219768 0.0 0.0 0.0
166 0.5600105836971969 0.5998313343789786 0.0 0.8230953335528969 0.0 0.0 0.0
167 0.5138031971707616 0.8074621333085463 0.0 0.8558017138485214 0.0 0.8777482050221375 0.47916899272543617
168 0.0 1.5003240925047587 0.0 0.1593075679148297 0.13355924478915474 0.0 0.0
169 1.378000573992784 0.5540643780658481 0.0 0.11482384907673235 0.3294867550590329 2.597807643336168 0.0
170 0.0 0.491548273876056 2.6098189013917654 0.0 0.0 0.0 0.7192269926420727
171 0.0 1.22093481875828 0.0 0.0 3.941821594466482 0.5022835841002284 0.44867173087715334
172 0.6277608935272878 1.043021304853713 0.0 0.0723434946318559 0.0 3.490169882595661 0.646358679454176
173 0.0 0.0 0.49286127729112394 0.0 0.08798846949392021 0.0 0.0
174 0.7416609144304689 0.6720203693280424 3.7632790186853184 0.1310738616814133 0.0 0.0 0.0
175 2.507801846727922 0.0 1.4925329429618133 0.0 0.0 0.14717981455167703 0.0
176 1.982728571039761 0.1182377962237971 2.469242389910561 0.27509421292089303 0.0 0.0 0.6362612191968243
177 0.0 0.7090921919656961 0.0 0.0 1.5047896026384429 0.0 0.0
178 1.2649369497588756 0.0 1.2120977284138785 0.0 0.0 0.4202394422621983 2.008030179827448
179 0.31968788648915325 0.7394510523851577 0.0 0.0 0.4651854262711365 2.1875925852547065 2.157925705273592
180 1.4235327844587196 0.12178639727116589 0.19013520032566317 1.2492646750376442 0.0 1.7676874656725858 0.18665003648623485
181 1.66369626173283 0.0 2.152244479469349 0.6745896821221365 0.0 0.0 0.0
182 1.4981272062125104 0.0 0.0 1.2414505177490875 0.0 0.8894386217406636 0.0
183 0.0 0.0 0.0 1.27048332819587 0.0 0.0 0.0
184 0.0 1.4756177303863336 0.33354726039546606 1.813637355923675 0.0 1.092045613481686 2.118474981090696
185 0.8007359096910256 0.0 0.0 2.297054128041479 0.13479347937686573 0.7011586230065443 0.0
186 2.0721060156724156 0.0 1.6796861794328914 0.0 0.0 0.48866242513896413 0.09462398949335583
187 1.5413542202810016 1.0224083618942068 2.0124473479180023 0.0 0.0 0.0 2.1800689681365095
188 0.0 0.0 0.0 0.09370457128564368 3.1874575047554563 1.0318371251955138 0.0
189 0.0 0.6934877198046081 0.0 0.0 3.4519559780818776 0.0 0.0
190 2.1614462930500853 0.0 1.9320227048366916 0.0 0.0 1.3739311738634141 0.8455602070625536
191 1.9232011987137532 0.0 2.092264159114293 0.5670331798514944 0.0 0.0 0.0
192 1.9551444009947399 0.0 2.23778527224343 0.0 0.0 0.0 0.0
193 1.2010947972633481 1.1319912396084457 0.0 0.0 0.0 2.672183846036747 1.149105185232903
194 0.0 1.0859834647165463 0.0 0.0 1.8448830973024233 0.0 0.0
195 2.8165669610666857 0.0 1.2439654279902617 0.15391651688599595 0.0 0.0 0.19999471054797074
196 0.0 1.7292610385485323 0.0 0.0 0.6701962096133032 0.0 0.0
197 0.0 1.4081990462184928 0.0 0.0 0.6274661046621105 0.0 0.5216145414171407
198 0.8416442408676021 0.28837028247262964 0.0 1.3544486459624543 0.0 2.0010580881143802 0.0
199 0.0 0.8312926120156103 0.0 0.0 2.712996749471604 0.06258858397885692 0.5892651893811525
200 0.0 0.7015754859349441 0.0 1.396361099267534 0.2999538181101489 1.1095214603696326 0.5130024175684046
201 0.4715724665909544 0.8235817788712747 0.0 1.0805166858800874 0.038624767210018146 1.5905817492504222 0.0
202 2.6262844107279535 0.0 0.0 0.0 0.0 1.4581497751713037 0.0
203 0.5877110032451391 0.9559379126575811 0.0 0.6005082783573401 0.7873418772111476 3.16307615488313 0.0
204 0.0 1.288435975608777 0.0 0.0 2.312638634278887 0.0 0.0
205 0.0 0.649738325242475 0.0 0.35690987095362353 0.14547988842917578 0.9768866724214258 0.0
206 1.318318802976195 0.0 2.226699135079677 0.13571518925751555 0.0 0.0 0.0
207 0.6694591281132808 0.8643304454122442 0.0 0.740799597020749 9.507530575731676e-05 2.3630979861415806 0.8721939912111332
208 1.6650796110170243 0.0 2.377071083498802 0.0 0.0 0.11139579105426164 0.67958546015983
209 0.0 1.550715954329128 0.5658361944386678 0.0 1.2172750664809344 1.6435839871627882 0.005782733902484809
210 0.0 0.4818523206553813 0.15601669517137182 1.2269660132268863 0.0 0.0 0.0
211 1.8043638202104506 0.0 0.0 0.0 0.0 0.0 0.0
212 1.1321957234087376 0.13552225275642793 1.0455005401501563 0.4102329659925725 0.0 0.0 0.0
213 0.3063358319046384 1.2368970980042864 0.7897175579788265 0.24817515397157602 0.0 0.0 0.628172871603642
214 0.8799660294205616 0.0 2.699692356836893 1.8955413229749913 0.0 0.2753014877145079 0.7498084821980104
215 0.6490155794129272 0.5589337449621063 1.7330656338894186 1.1043951874691644 0.0 0.6930336891852387 1.5374346092366085
216 1.345438471642507 0.0 0.0 1.3956444452637469 0.0 1.7759670735211324 0.0
217 1.3750698122123697 0.0 3.00750011618653 1.8558151286681724e-05 0.0 0.0 0.9821692333598924
218 1.6098873607308262 0.4897655002153341 0.9837951287502388 0.0 0.0 1.8975523261227027 1.433738818659293
219 0.7819207722874675 0.7678330565210687 0.0 0.6916074321509407 0.0 1.2796573341952575 0.9205968138388442
220 1.8164887466651716 0.785555544977449 0.0 0.9508341412252768 0.0 0.4865977169531802 0.0
221 0.20174863501999893 0.6636514553865466 0.0 0.0 1.0340752209081603 2.164552105169035 1.8828186908402367
222 2.4750296127106353 0.0 1.0008604911984438 0.0 0.0 0.7527404495281461 0.0
223 0.0 0.9231048897067371 0.6557607024159482 0.0 0.0 0.0 0.0
224 0.0 0.9369104211321179 0.0 0.0 0.03180407594237568 0.0 0.8591924245169423
225 1.2459899096510338 0.38687253811510414 0.0 0.21929126184115133 0.45836838167288163 0.0 0.0
226 2.1991014204666857 0.21449873588510482 1.9643176046640045 0.0 0.0 0.0 1.0618937322313498
227 0.0 0.8021041286367022 0.0 0.1818216439618586 3.0077624756503454 0.0 0.0
228 1.8440198823636282 0.5901950435773421 0.0 1.2696796502435415 0.0 1.9972236163156882 0.9834517610029877
229 0.0 0.11660308970168307 0.15386411061018312 0.9884860645509341 0.0 0.0 0.19542613128042546
230 0.0 0.2580372737808404 0.8402904655358677 1.7523272153580909 0.0 0.0 0.0
231 0.889801793242636 0.0 0.9238774654555643 1.6917872788217243 0.0 0.0 0.0
232 0.7185639093099243 1.7398699777222157 0.19402453384371376 0.0 0.0 2.6350960186146195 1.7242690906362454
233 3.198644954009435 0.0 0.0 0.0 0.0 0.0 0.0
234 2.65083676334062 0.0 0.39081467434183004 0.0 0.0 0.0 0.6912206736175669
235 2.378479581186503 0.0 0.0 0.0 0.0 0.0 0.0
236 0.0 0.0 0.0 0.0 1.4841451029825212 0.12723725602333608 0.0
237 0.3140367772835412 1.0937597559547163 0.0 0.08453827257905419 0.2771355044832255 3.396327039556737 0.522347588595515
238 0.0 1.869206521836571 0.0 0.0 0.9353306490302533 0.0 1.107310537267635
239 0.0 0.38007078080676643 0.0 0.0 3.0697973303755486 0.4437981116916322 0.0
240 0.0 1.7742346706532377 0.1531314653811874 0.0 0.0 0.0 0.0
241 0.0 1.6217750213679418 0.0 0.0 1.0722622397027741 0.000823212382200824 3.5539945168335625
242 1.4604249786589238 1.1312638227819651 1.701604199153123 0.5602485894234983 0.0 1.2916910995053819 1.6252441875702817
243 0.43001034872359845 0.8919436445898153 0.0 0.03655980694303014 1.8993481207358343 3.1820036032607906 1.2801167794528157
244 0.0 0.12022837327625549 0.0 0.0 0.0 0.0 0.0
245 0.0 1.626401249846246 0.0 0.0 0.3935196986497038 0.0 0.0
246 0.0 1.3499444747976623 0.0 0.20194970441291027 2.030214922167469 1.0892893708528684 1.221315224076665
247 1.9179301315273625 0.0 2.8809631193544263 0.0 0.0 0.0 0.6568760873932886
248 0.0 1.2343588134483205 0.0 0.0 0.9202424384721917 0.0 1.6660450082567162
249 0.0 0.15999899065720155 0.0 0.0 2.3465827701439927 0.0 0.0
250 0.0 1.8628232341805135 0.0 0.0 1.532788701596841 0.0 2.520881476521497
251 2.3776655598059127 0.0 0.25266202556243106 0.0 0.0 0.5571847769613851 0.0
252 1.6904729131280298 0.0 0.0 0.0 0.0 0.9424656520335688 0.0
253 0.0 0.0 0.3560461093693409 1.9232536374797142 0.0 0.0 0.0
254 0.0 1.5316002100553288 0.0 0.0 1.5780622697215347 0.8230821565314999 0.0
255 0.0 1.9487798159491465 0.0 1.0544488948399349 1.0017463343606194 0.08610213739815414 0.0
256 0.0 0.6440114067472207 0.0 0.0 3.368760242500681 1.6851765034289894 1.6764873897956187
257 2.483542959454573 0.0 1.3207447163560533 0.0 0.0 0.0 0.0
258 0.0 1.0901638315515285 0.0 0.0 1.4898698409977347 0.0 0.0
259 0.27600045736497864 0.8500498266494466 0.45733028009084087 0.8007367888940082 0.06513073835458214 0.0 1.3894325842492052
260 0.1271948670856874 1.1840630760624675 0.788796461167052 0.33043639514021683 0.0 0.0 0.2658529692806296
261 0.0 0.7074979655355564 0.0 0.0 3.6166399886117557 0.22602808945971065 0.0
262 1.3759657103089062 0.21146670226407324 1.0092617661711882 0.5155785193139258 0.0 0.0 1.2584429454731172
263 3.1567762445423764 0.0 0.7575002903512231 0.0 0.0 0.37780201555496595 0.0
264 0.2071446927995118 1.3080580587561224 0.1941706134870153 0.0 0.7033816127729058 3.148583070830349 0.0
265 0.0 1.433109534950512 0.0 0.4286713826468398 1.2653481469025945 0.0 0.0
266 1.7132590516348971 0.14195945852765227 0.0 0.0 0.0 1.7897474894091425 0.0
267 0.0 0.9486351300748634 0.0 0.0 3.6578960028419245 0.935646029314269 3.0384359850031317
268 0.0 1.2172568703817765 0.0 0.09739325471263299 1.694850919977874 0.0 0.0
269 0.0 0.14483865999280432 2.1926540446981218 0.0 0.0 0.0 0.0
270 0.0 0.0 0.0 0.0 1.0176714663956872 1.7552195805676938 0.854863949493907
271 0.0 1.9433142210009502 0.0 0.5187788074675161 0.31410308632221695 0.0 0.0
272 0.0 0.1653860472775751 0.20094041814423946 0.0 0.08742479354924518 0.0 0.0
273 0.0 1.0728286359161994 1.3472640044095687 0.0 0.0 0.7181571094719372 1.3492471979870146
274 0.18619698703354498 0.42835313894689814 2.326525525556956 0.6831090677000813 0.08655722335912101 0.0 0.0
275 0.0 1.8114781230580432 0.1507794519622994 0.5753337662763631 0.6026923051160147 0.0 0.6572627339578089
276 0.0 0.8033510511028682 0.0 0.0 4.210856834192312 0.4026080850238609 1.9927587807025986
277 0.0 0.0 1.3553685125505908 0.0 0.0 0.0 0.0
278 2.256932983268168 0.0 0.4402128400714669 0.0 0.0 0.3268568297575989 0.0
279 0.0 1.856296068185114 0.780064377429869 0.0 0.7275487655422395 0.8242733651336523 2.4629479158099263
280 0.0 0.5963106868064512 0.0 0.6647611846239354 0.16315740273709534 0.0 0.0
281 2.260493808573016 0.0 0.0 0.2284584335623167 0.0 0.0 0.0
282 2.599600593103645 0.2085498300878133 0.0 0.0 0.0 1.5518178799123268 0.7225446566047773
283 0.0 1.8394880300151577 0.0 0.0 0.32556178755533305 0.0 0.0
284 0.0 1.3296923810866936 0.0 0.5932111683894794 2.823679646583913 2.462550362235473 0.777509808309833
285 2.622868523253881 0.14041612397530537 1.3356680844444915 0.0 0.0 0.0013731991927948685 0.0
286 1.5344222423184402 0.3339948312111111 2.8517512289496407 0.03256631039735769 0.0 0.0 1.6521440236290497
287 1.245491989395689 0.2636128971898541 1.608549769849508 0.3888643030220743 0.0 0.0 0.1403341609251661
288 0.0 0.7339689348646713 0.0 0.0 2.1025029825030614 0.0 0.0
289 2.0050219297293914 0.0 0.3916738839444631 0.3771219209974782 0.0 0.0 0.0
290 0.0 2.0282083953388654 0.0 0.18677657164485864 0.7415780300969703 1.3241107635696594 1.0970029603870652
291 2.4432336741682903 0.0 0.0 0.0 0.0 1.147150151790696 0.0
292 0.0 1.710958996626939 0.0 0.0 1.5649061212471387 1.5239864918248927 4.194328148554767
293 0.055576234723209196 0.4145762601739674 0.0 0.0 0.521104493794615 0.781027958619883 0.0
294 0.0 0.27459611552872976 1.383660210917665 1.9829757460214141 0.0 0.0 0.0
295 0.9744767845323796 1.344426662189933 2.4454748505198056 0.0 0.0 0.5677906801990322 2.26355707989749
296 1.299237342646944 0.0 2.9587248009834113 0.0 0.0 0.0 1.0224030483745798
297 0.0 1.3434182805870427 0.0 0.0 2.613837576303167 0.3504791448241861 0.0
298 0.0 0.016421262599593655 0.0 0.0 0.3465975659118426 0.10384441634736388 0.0
299 0.0 0.0 0.49286127729112394 0.0 0.08798846949392021 0.0 0.0
300 2.303592113344094 0.0 0.0 0.0 0.0 1.787839366426137 0.0
301 0.3232417765372563 1.0496720492297476 1.2725887976387746 0.0 0.0 0.0 0.0
302 3.295062207688606e-07 0.864220165337807 3.3741767274589476 1.611226837565677 0.0 0.0 0.2863874477243333
303 1.6814966425735982 0.0 0.0 0.0 0.0 2.977067551754106 0.0
304 0.4100274619021168 1.4405256033833607 0.0 0.0 0.05561171038488001 1.0546393635056 0.0
305 0.6141205303860757 0.26809446504716533 0.43568553897686746 1.1267562196758474 0.20732437866152026 2.0516568119787375 1.1338153886426343
306 1.7659100755720385 0.0 1.2899231330689735 0.0 0.0 0.0 0.0
307 0.0 0.9454314233352106 0.0 0.0 2.4756761477669635 0.0 0.0
308 0.2496109060778781 0.0 0.0 0.0 0.0 0.9985284639069933 4.150375952837669
309 0.0 0.3084663624007784 0.0 0.9900672586797696 1.2494413862477927 0.0 0.0
310 1.9870621011139304 0.0 0.4648201110156382 0.0 0.0 0.0 0.0
311 0.5984774838502358 0.3990339469694845 2.2247449644013204 0.3910659681811345 0.0 0.0 0.35967461866171435
313 0.0 0.0 0.6901795329386304 2.2866460537196316 0.0 0.0 0.0
314 2.6161161843099503 0.13256103674503567 0.0 0.0 0.0 0.0 0.0
315 2.4723884076357736 0.0 0.0 0.0 0.0 0.5454609523357669 0.0
316 0.7420965091438194 1.505422279533756 0.0 0.0 0.205264600657654 1.8973413495955938 1.406921668874356
317 0.0 0.0 0.0 2.9086013153097134 0.0 0.41401903228370507 0.0
318 0.0 0.13919583595752882 0.0 0.9820946142285526 0.6912786799183193 0.6518228298336337 0.0
319 0.0 0.0 0.0 0.0 3.356543419122204 3.1720578370591124e-07 1.1110435145341038
320 0.4469156221105848 1.799666107425964 1.1767564038196268 0.9757042587357345 0.0 0.43226321774687315 0.5071078183587925
321 2.1888066865634688 0.0 0.0 0.0 0.0 0.4845239768086732 0.0
322 2.7325217005844014 0.0 0.0 0.0 0.0 0.6385187475100116 0.0
324 0.24604961184687965 0.0 0.0 0.0 0.0 0.0 0.0
325 0.0 1.607315949030262 0.0 1.7942699589010802 1.6154335319566269 1.4078134694199531 0.30658545889474054
326 2.9872860365553056 0.0 0.0 0.0 0.0 0.4287962236968587 0.2209456202749488
327 0.0 1.223291625993563 0.0 0.0 1.61982424018868 0.6084624757241243 0.0
328 2.5544215356524758 0.0 1.5839081686157073 0.0 0.0 0.0 0.0
329 0.0 0.8551745923087921 0.12352183421783608 0.0 2.3655342876696306 0.0 0.0
330 0.15014814957217038 0.6741353664055533 1.1674575851438258 2.5548199856764313 0.0 0.0 0.0
331 0.0 0.0 1.660360428004178 1.1950045583162554 0.0 0.0 0.0
332 2.493709938138526 0.13892251219451612 0.0 0.546235812285325 0.0 0.0 0.0
333 1.3515999595368955 0.632458581144757 1.4399480462716514 1.1267602312988658 0.0 1.5973856600686305 0.9112519523038101
334 0.8819739960055655 0.0 1.0949777628912498 1.5254669044003908 0.0 0.08472360941988637 0.0
335 0.19603804053002358 0.9502100008067131 0.0 1.3355710270504098 0.0 0.14566817629067996 0.0
336 0.0 0.0 0.0 1.27048332819587 0.0 0.0 0.0
337 1.1576721495295046 0.9074023365945043 0.0 0.07594414107832329 0.0 0.9953524433173065 0.0
338 1.7453869669090212 0.0 2.3048149491394363 0.5938499783872713 0.0 0.0 0.5364325790872624
339 0.0 0.9795990740893198 0.0 0.0 2.9323105715918407 0.0 1.8231240310497308
340 1.1452249551943519 0.0 0.37416279195569785 0.0 0.0 0.0 0.0
341 0.0 1.5937952729702012 0.0 0.8674040078700216 0.3767402288184811 0.0 2.1993410878866206e-06
342 1.2280135195200312 1.7595040861643203 2.5070248863466293 0.0 0.0 0.2863258641040916 1.568502448790575
343 1.411757624610189 0.0 0.0 0.2837807204282757 0.0 0.0 0.0
344 0.0 0.34196005565002696 0.0 0.0 1.861461693944526 0.0 0.0
345 1.0975228318618173 0.0 3.6177671102086686 0.0 0.0 0.8769727075891336 1.437207189089514
346 0.0 0.29671432840727013 0.0 0.0 1.2786552425254658 0.0 0.0
347 0.22619571269592076 0.0 2.7438073436927355 1.107478946186156 0.0 9.661853933298822e-06 0.0
348 0.0 1.1628353843801573 0.36680481236124535 1.8026840591381146 0.0 0.0 0.0
349 0.0 1.011090219799028 0.0 0.0 1.9876817735400056 0.0 0.0
350 0.0 0.0 0.0 0.3572859994329353 0.6561321450335107 0.4823436908647386 0.0
351 0.0 0.9891706339789651 0.0 0.0 3.1537788922040506 0.0 1.622736588926474
352 1.5289881904475178 0.0 2.015502256439015 0.0 0.0 0.0 0.0
353 0.0 0.8079331550533395 0.15771715969415337 0.0 0.0 0.0 0.0
355 0.0 0.0 0.0 1.4123207627365566 0.0 0.012007524116017295 0.0
356 1.937669650187682 0.0 7.757457837856822e-05 0.0 0.0 1.852263490275949 0.4879097535337371
357 2.7649797461386076 0.0 1.1443664351237295 0.0 0.0 0.0 0.0
358 0.0 0.7802372620729999 0.0 0.1985771933866565 1.400572003177384 1.6113611615599317 0.0
359 0.0 0.9223802180055535 0.0 0.0 0.6295596941643737 0.1317952071662193 0.0
360 0.19275339585820983 0.0 4.489538523594938 0.3070917047125161 0.0 0.0 0.5371179596941368
361 0.1224962555094963 1.689766597535402 2.385962630157719 0.0 0.0 1.2433300093768767 1.3832206726955842
362 1.233744423799072 0.12072648044163001 3.4869979599516165 0.0 0.0 0.0 0.20748664980188064
363 0.4522672658173884 0.0 2.563875341968458 1.0604674390205073 0.0 0.0 0.0
364 0.0 0.48091349310502196 0.0 0.15881041602448376 0.0 0.0 0.0
365 0.6061060681051409 1.6054647701356213 0.0 0.0 0.0059273981017366 2.2682549195707353 0.0
366 1.5270383362099107 0.0 1.895216247722127 0.0 0.0 0.0 0.0
367 0.0 1.3499186923529898 0.0 1.2342817955978629 0.0 0.0 0.0
368 0.24938051859782018 0.0 0.0 0.0 0.0 1.0065900383452109 0.0
369 1.6595761259145267 0.0 2.06574765365103 0.0 0.0 0.0 0.0
370 0.41008268641146606 0.0 0.0 0.0 0.0 0.0 0.0
371 0.0 1.689706920781871 0.0 0.05650326484960423 2.083074963136197 0.0 1.2444818671319338
372 1.3145125571658904 0.0 1.3519913498661582 0.0 0.0 0.0 0.0
373 0.0 0.0 0.0 0.0 0.8734344606087852 1.053272313713345 1.09170970745485
374 0.31861964593767306 1.7769712441015408 0.0 0.9072900047953081 0.0 0.18225175005355482 0.0
375 2.3008496795690405 0.0 0.0 0.0 0.0 1.1174941684801922 0.0
376 2.8177519847042527 0.0 0.0 0.2809633042172382 0.0 0.9971007005231363 0.0
377 2.4554135705565696 0.0 0.08581417570300524 0.0 0.0 0.7151673953746143 0.0
378 1.7366481944751195 0.0 0.0 1.332052795706691 0.0 2.8385409184266974 0.5237211655126448
379 0.0 1.3720248228757033 0.0 0.0 1.7566099951004297 0.5380808531619246 1.8618640457545153
380 0.272534202449447 0.5352458867137124 0.0 1.1474326346533488 0.0 0.0 0.0
381 0.0 0.0 0.0 0.21105816109493672 0.4989830990597477 0.0 0.0
382 0.0 1.4047265526599726 0.0 0.0 2.579485897131461 0.0 0.0
383 0.0 0.0 0.0 0.0 2.023734798360165 0.0 0.0
384 1.5182724772931984 1.3493618005248444 0.0004981839072857803 0.0 0.0 2.1414311068362473 1.4057443036108181
385 0.0 0.2913511338485465 0.0 0.0 3.658268943112749 0.0 0.0
386 0.0 0.4960002727399968 0.0 0.47567152198222307 1.7663912560805362 0.6830584644558781 0.3419207333137054
387 0.1338172951621314 0.0 2.013943880569327 1.4330251766367161 0.0 0.0 0.0
388 0.0 1.372816963931565 0.0 0.0 3.792280176334189 0.8976229288456632 1.8188876289986786
389 2.843867322496213 0.0 0.6132961612056359 0.1228015582177554 0.0 1.412804253905664 0.0
390 0.0 0.48442026656979875 0.6124827010925683 0.0 0.0 0.0 0.0
391 0.3174327847978382 1.2437594649220816 0.0 0.4422353081144897 0.0 0.0 0.0
392 0.0 0.0 0.0 0.0 2.551665615323686 0.0 0.0
393 0.0 1.7012564367083622 0.43770488040442956 1.6071592508786 0.10360188254508629 0.0 0.0
394 1.4845104833164178 0.0 0.0 0.17456334992857697 0.000270849001314781 0.9884123193772368 0.0
395 1.6826297709671851 0.0 2.2959669029601555 0.6114970083663763 0.0 0.0 0.0
396 0.752715998147587 0.0 0.0 1.8766750537635746 0.0 2.135252616516059 0.0
397 0.2806538471064246 0.0 0.29384579365891594 0.9440230797540667 0.0 0.1403173457964819 0.0
398 0.08978744490308466 0.5897504615123776 0.0 0.0 0.0 0.0 0.0
399 1.6461388197155533 0.0 0.17150286958669492 1.078270232134797 0.0 1.0951481107149301 0.0
400 2.0467332304459473 0.0 2.047232925594524 0.22706508309029205 0.0 0.0 0.0
401 0.0 0.0 0.0 0.0 2.7305473823680853 0.2162450197049139 0.2563158519566966
402 0.8028703464302779 0.6470777687280821 2.9608903129085014 0.26152311759339547 0.0 0.0 3.0312171529969127
403 0.0 0.0 0.24643063864556194 0.0 0.0 0.0 0.0
404 0.0 1.0447065033606715 0.0 0.0 3.5176438182675245 0.0 0.29270506401429275
405 0.0 0.0 0.0 2.852077343963077 0.0 0.22930623715737483 0.0
406 1.4020772380684998 0.0 0.0 0.0 0.16667018674119896 1.7988091928582972 0.0
407 0.058356263485138005 0.4513711839963375 0.0 1.1077571395634866 0.40895548329318576 1.6108301364963924 0.07197315954660989
408 0.0 1.5785126747353868 0.11834572869856598 0.0 1.8162647040364601 0.0 0.4101760100635429
409 0.0 0.0 0.1690629804655536 0.7349597028120993 0.0 0.0 0.0
410 0.7628989207057402 0.6796950038785802 0.0 0.5611976457706342 0.0 2.4185315019000866 1.5041240597290269
411 2.0780575430308907 1.129785444812405 0.6311937666624226 0.46700104527696396 0.0 1.1642024116902376 2.1135824392337375
412 2.887481844157154e-06 0.0 0.0 0.4764256569791655 0.0 0.0 0.0
413 1.0231925982823569 0.0 0.0 2.987745608499174 0.0 0.8663639344833995 0.0
414 4.280810086385415e-06 0.0 0.0 0.0 0.15845298050207143 1.4651845279556017 0.6473508041612517
415 0.0 0.7671161052280235 0.0 0.0 2.1662328788428393 0.0 0.0
416 0.0 1.4344074721167237 0.0 0.6882282746775665 0.6395269000544721 0.16485829615736775 0.0
417 2.894110948982673 0.0 0.8204349990314667 0.0 0.0 0.24850690947909287 0.1057570439747528
418 0.0 0.5989993361986737 0.0 0.0 3.770215009480356 0.5807223656933669 0.0
419 0.0 0.0 0.1381418482496633 0.3526678008581202 0.14590017938157884 0.0 0.0
420 0.3232344551678409 0.0 1.1529414802523206 1.0658651350805308 0.0 0.5449807928550632 0.26852158768596934
421 0.0 0.89138038945248 1.2251897951457322 1.1068027922978605 0.0 0.0 1.4650554307192292
422 0.9116354971752614 0.0 0.0 0.7741369570570806 0.0 0.45054022760941037 0.0
423 0.0 0.6681902871513012 0.0 0.0 3.605579298918985 0.6139341864837301 0.0
424 0.8285846479114144 0.17973070137874164 0.0 0.0 0.0 0.6069653852752839 0.0
425 0.0 1.2662612260583206 0.0 0.0 1.2730054680686327 0.0 0.0
426 0.0 1.5855901284743998 0.0 0.0 0.9513179088914183 0.0 0.0
427 0.6329665258174553 0.6558031740226091 2.0986753103194853 0.1262896201469748 0.0 0.0 0.0
428 0.0 0.0 0.0 0.0 0.2839991318719065 1.434973589072901 0.0
429 0.23942012552528508 0.0 2.2278353766986774 0.0 0.0 0.0 0.0
430 0.0 0.6377059171008177 0.0 0.3975315328507669 1.2782471668787623 0.41179266900707034 0.0
431 2.376592734992704 0.0 1.9742797613454544 0.0 0.0 0.0 0.0
432 1.8206209524011912 0.0 2.8095288830034906 0.0 0.0 0.0 0.0
433 1.2527372763658973 0.0 0.0 0.0 0.0 0.9803460347287515 0.0
434 0.0 1.3209948081620575 0.0 0.0 2.5044060024930905 1.4440211315446092 0.21297085586826353
435 1.126802407354336 0.0 2.6197151546298265 0.0 0.0 0.0 0.0
436 2.116568612567624 0.0 2.2710377098274637 0.0 0.0 0.08560379780985719 0.0
437 0.0 1.3118325296893036 0.0 0.0 1.9805428587283143 1.1720488527009065 1.273594531325312
438 0.590834539606064 0.0 2.9189552030474486 0.8109306227392067 0.0 0.0 0.0
439 0.0 0.6059528008224898 0.0 1.08425185209252 0.0 0.12725363571664122 0.0
441 0.7558724353087476 0.6804403324462783 0.0 0.5266035498767356 0.0 1.3266787577518433 0.0
442 1.8578934701018484 0.0 2.383887569432127 0.0 0.0 0.0 0.0
443 1.5898713917920186 0.8346018551680092 0.43487870693907626 0.0 0.0 0.0 1.1476348560140224
444 0.5198944017389713 0.0 0.2908948582996606 0.6711225364414578 0.1811774854894101 0.0 0.0019072806059230846
445 0.0 0.0 0.0 0.17876627040145898 1.9246898432274002 0.0 0.0
446 2.000357328049845 0.0 0.1073594405304511 0.054394285617908864 0.0 1.1510404038292699 0.3955206625710779
447 0.0 1.5785474701265243 0.0 0.0 0.566743958628884 0.0 0.30489463313501625
448 3.0061901593909495 0.0 0.5355598772099468 0.0 0.0 0.0 0.0
449 0.0 1.6135025540009003 0.3624119218013616 0.0 1.0234207584665809 2.6842754186299436 1.6460307348065717
450 0.5333926136216403 0.5520599152353344 0.0 0.7397860487517068 0.0 1.6622830854692063 0.43311517858237986
451 0.0 0.0 0.0 0.0 2.9036194932993666 0.0 0.0
452 0.14895799798759102 0.665644410404135 0.0 1.0556612959165592 0.0 0.0 0.0
453 0.12229372945087902 0.0 2.3021161296974464 0.0 0.0 0.0 0.9821191530413294
454 0.0 0.0 0.0 0.15881041602448376 0.0 0.0 0.0
455 0.0 0.0 0.12321531932278097 0.0 0.0 0.0 0.0
456 0.0 0.3449785859689074 0.0 0.0 2.5124722267755155 1.3005759482242611 0.0
457 0.0 0.0 0.0 0.0 3.079596432287207 0.0 0.0
458 0.5907642991031302 0.15013101539371254 0.0 0.5635061469383282 0.0 0.0 0.0
459 0.0 0.13174427060484523 1.63320528802861 1.0559825821511528 0.0 0.0 0.0
460 2.28829884368153 0.0 0.7515571806111772 0.0 0.0 0.0 0.0
461 0.0 0.0 2.801399817735337 1.9031096451922063 0.0 0.0 0.7882653248206513
462 2.6984295045020006 0.2237780517251008 1.1557568038647041 0.001359923557772357 0.0 0.38798408813512575 1.1792365810583267
463 0.0 0.2987684143862489 1.3803284670280234 0.9995971348421949 0.1833389165457386 0.0 0.24278922557778873
464 1.5776545968553888 0.0 0.0 0.0 0.0 2.3278638405156222 0.2565984103996261
465 0.0 0.5469259034285768 0.0 1.1625650699284793 2.4705878593832704 1.3342431967859423 2.0302225838351724
466 0.0 1.5190536750062686 0.0 0.0 1.597699523538937 0.0 1.6575939465655467
467 0.0 1.254839299199483 0.0 0.22901643733425475 1.2828785287176978 0.0 2.4524922190096725
468 0.7141032115917291 0.0 2.878734531324074 0.4256531628357141 0.0 0.0 0.7843511848149092
469 0.0 0.0 0.0 0.3539158424280727 0.0 1.7715512037134022 1.004475224694523
470 0.14293399055648354 0.1081685808313091 0.0 0.0 0.2618871588314616 2.021380074675059 0.9274221526789181
471 0.0 0.7925000249961126 0.0 0.0 1.959010706901625 0.23660074033463163 2.514911321773928
472 0.0 1.0132518698135153 0.0 0.0 1.6490870307087673 0.87972460113134 0.0
473 1.3170421732303095 0.0 0.0 0.8389940870501529 0.0 0.18636188641375454 0.0
474 2.788562267597969 0.0 0.0 0.0 0.0 0.0 0.0
475 0.0 1.0390311816040958 0.0 1.4539152086498468 1.8048451520888062 2.7363643369046904 1.0460839626965548
476 1.9848224385210451 0.0 0.961046084631454 0.0 0.0 0.0 0.0
477 0.2981693224440326 0.3736459902680727 0.0 0.0 0.8665394957189766 3.244547133149595 1.823556385874604
478 0.0 0.0 0.0 0.5693051356074951 0.577910680996827 0.09517900854137805 0.0
479 2.587302022001576 0.0 1.271830568780806 0.814996279280591 0.0 0.0 0.0
480 0.0 1.357847245291431 0.0 0.42867890022948063 0.17657416848090665 0.0 0.0
481 0.09939760778911583 0.0 0.0 2.0473845727118416 0.0 2.0106296537721935 0.0
482 0.0 0.0 0.0 0.0 0.0 0.11235031995463517 0.0
483 0.0 1.091649323581242 0.0 0.0 2.667757276645747 1.0722152967897682 1.1367530446787804
484 1.0278684525594073 0.15850702966994482 0.7080721654230111 1.1539284415088182 0.0 1.073543913185074 0.32395024081934054
485 0.0 0.0 0.0 0.3176208320489675 0.0 0.0 0.0
486 2.0433717307660104 0.6533531676707437 1.1096283442410457 0.26091866161543587 0.0 0.0 0.00038012832710429
487 0.00040286763098388786 0.44199345562510334 0.0 1.3955339968339997 1.6305481571381004 0.0 0.0
488 0.0 0.0 0.0 0.0 1.4078155119027236 0.0 0.0
489 1.3358193028618448 0.0 2.0641330471496513 0.7780491403585099 0.0 0.0 1.5137783046973396
490 0.0 0.2148947130172351 0.0 0.2883556528280621 0.826817949385087 0.0 0.0
491 0.0 0.0 0.21571054790982655 2.104130082234376 0.0 0.0 0.0
492 0.0 0.0 0.0 0.7940520801224188 0.0 0.0 0.0
493 0.46391479419643744 0.4602001977570396 0.0 1.5139551892589203 0.20446725704824747 1.8157916197037949 0.6899306390845568
494 0.0 0.7060747707818025 0.0 0.0 2.8895162863214696 2.0876344523235653 0.9671590311997975
495 0.9775229400688852 0.0 3.3852571778564546 0.0 0.0 0.47487708978543874 0.29874602999126854
496 1.7245271122248684 0.8029551840890905 0.0 0.0 0.0 2.392481970290615 0.0
497 0.0 0.051008087790778034 0.0 0.5163027708118061 0.292533184938591 0.0 0.0
498 0.0 0.9982068391955492 0.0 0.2215742720896956 0.29055534397319593 0.0 0.0
499 0.0 0.50349412151403 0.0 0.0 1.639349651134896 0.13265999672920328 0.0
500 0.478483999145434 0.0 1.701348191173109 1.7949349921220565 0.0 0.11860853076003326 0.0
501 0.0 1.1283954606529658 0.0 0.2309756748936942 0.0 0.0 0.27111399892457505
502 2.8839503366852544 0.0 0.3495575999885866 0.0 0.0 0.0 0.0
503 0.27205569974695887 0.0 2.6397216033898463 1.1528474894355751 0.0 0.0 0.0
504 0.0 1.8386442447253684 0.0 0.0 2.1084830778879162 0.0 3.231032581504243
505 0.5510518896033398 1.3075409104603741 2.2502772506025313 0.022672804247647827 0.0 0.0 0.0
506 0.21996146006505435 0.4988155678748596 0.0 0.2878103993621676 2.021815857294546 0.8198924210419798 0.8887210132699566
507 0.0 1.1707729555497925 0.0 0.0 3.7619689339605715 0.28164448839948625 0.0
508 0.0 0.6056186559783237 0.0 0.0 1.0696288070390094 0.5399891892439059 0.0
509 0.0 1.5343627620434213 0.45158234130439956 0.0 0.8493349577171684 1.00813767029174 1.1229070626026156
510 2.5539069557107386 0.0 0.0 0.0 0.0 0.2090921627832556 0.0
511 2.232440249257529 0.0 1.574766740195579 0.0 0.0 0.0 0.0
512 1.7903190424134527 0.4482380548650745 1.2186250972002122 0.0 0.0 0.5744688028750792 0.4316957009485617
513 1.2217489931236665 0.0 1.6609657101942266 0.41662926657323984 0.0 0.0 0.0
514 0.23677600152680306 0.0 3.0824472776835887 1.6034002158351952 0.0 0.0 0.0
515 0.0 0.0 0.0 0.3176208320489675 0.0 0.0 0.0
516 0.0 1.0969575449891362 0.0 0.1736792608638228 2.0500732802535406 0.16662501514376038 0.0
517 0.0 0.0 0.0 2.508863834805023 0.0 1.414666181745366 0.32764569010188005
518 0.0 0.9957358025766918 0.0 0.0 0.8550687153734122 0.0 0.0
519 0.0 0.0 0.0 1.266056352747175 1.3488725541286595 2.5459880519298546 0.3811156480246225
520 2.842126017283979 0.0 0.2397699954554316 0.0 0.0 0.0718258003749529 0.22110149058654327
521 0.0 0.0 0.0 0.09476871477134398 1.3827646012276804 0.30199379136321447 0.0
522 1.4043402203260018 0.0 2.4592691394968784 1.409538217869126 0.0 0.0 0.2563640541156251
523 0.0 1.5543971958229703 0.0 0.0 0.1725190917650147 2.1903150476766378 0.45373053118945017
524 2.081784348786245 0.0 2.749266255258294 0.048406464365500806 0.0 0.0 0.0
525 1.9982279108571264 0.0 2.542705888211921 0.0 0.0 0.0 0.0
526 6.2536042276459625e-06 0.0 0.0 0.9628011796464436 0.0 1.5658647980387572 0.0
527 0.24967498747171882 0.8767341231738376 1.7777844035971417 0.0 0.0 1.440698911810573 3.063872071038029
528 0.0 0.0 0.0 0.0 1.4037954199028724 1.995633292546239 2.796678726131365
529 0.0 1.2034032511371444 0.0 0.21810150903420228 0.9771996300509382 0.16980030035937846 0.0
530 0.0 0.12022837327625549 0.0 0.0 0.0 0.0 0.0
531 2.206628543374119 0.0 1.246084889811971 0.0 0.0 0.3350571796177662 0.0
532 1.3069467962492274 0.0 0.0 1.28717272372969 0.0 0.8942802447221145 0.0
533 0.0 0.26974287263591706 0.2182694836183036 1.1092851828978185 0.0 0.0 0.0
534 0.0 0.33061070827235783 0.1290761875984345 0.16698375775451393 2.012492998060381 0.2560324946131888 0.0
535 0.5134288171249521 0.5576575706834763 4.187426447234977 0.03868416228711178 0.0 0.0 0.7371518750266445
536 2.4786210205799817 0.2875802507892485 0.6281447038787 0.5223458794658463 0.0 0.0 0.0
537 0.0 1.4307263158573114 0.0 0.0 0.6623961714926618 0.3424934864155115 1.5717549457306166
538 0.4771196436403551 0.4259593277283203 3.270912774288931 0.0 0.0 0.0 0.2627366817740504
539 0.4152466507433751 0.6580882216299431 2.416623250592109 0.4526694450925768 0.0 0.0 0.0
540 0.0 0.3425052797416002 0.0 2.0203497330509808 1.675800736465105 2.2901213127340627 0.0
541 0.0 0.6011418663812775 0.0 0.4764312480734513 0.0 0.0 0.0
542 0.6883044517897574 0.0 2.6055582276598983 1.8826755608999264 0.0 0.26133948490639136 0.5372164970260116
543 0.1657100415970182 0.7464958447297142 0.0 0.8036746998808089 0.5256260064597593 2.7912258714543805 0.4885001928993664
544 0.0 0.5741876499463263 0.0 0.0 1.6035187449914554 0.0 0.0
545 0.0 0.4330289897437339 0.0 0.0 0.8362396141568657 0.10602332140794153 0.24481677568763352
546 0.19672041921036348 1.1108712175032982 0.7296435567783834 0.2287001912567809 0.0 0.0 0.0
547 0.3492348681936681 0.0 0.0 0.27663137805913535 0.0 0.0 0.0
548 2.374042381441689 0.849582897875575 8.379107810978756e-07 0.43220280414587553 0.0 1.4433494280312673 0.429147534294772
549 0.0 0.7758504758426497 0.0 0.0 2.040526119226902 0.26470015552612947 0.0
550 0.0 0.0 0.0 0.0 2.3678669068007236 0.9087899854320391 0.0
551 0.0 0.11825811862872586 0.0 0.0 0.0 0.0 0.12756350938266425
552 2.3251331463730462 0.0 2.788998633228071 0.002425631509659866 0.0 0.0 0.0
553 0.0 0.9563521091489271 0.0 0.0 4.742253062600986 1.0279195936130958 0.0
554 0.0 0.2479508062727326 0.0 0.0 1.5388555631370127 0.0 1.060328944302209
555 0.40105627656216813 0.2984658267859294 0.0 0.9635569522906954 0.13659343518355474 1.306965091895074 1.1766104700389113
556 0.0 0.0 0.0 0.0 0.9678731644331224 0.0 0.0
557 0.06199031676548196 1.2079843763942821 0.34958957880545993 0.47498657695588076 0.23952245823574392 0.19430437772280984 2.4997150043135443
558 0.96641356815682 0.0 2.834549279910558 0.0 0.0 0.0 3.28978310326864
559 0.0 0.0 0.0 0.0 1.7597693898784044 0.0 0.0
560 2.298258021292928 0.0 1.1855114032383705 0.21545068034602774 0.0 0.0 0.0
561 1.6113712504570836 0.0 1.1524443857055766 0.0 0.0 0.0 0.0
562 0.11466513271067337 0.0 0.0 0.0 0.0 0.29232729480812825 0.0
563 0.0 1.908999477484437 0.0 0.5488408547430488 1.4060901481365575 2.8597541447083596 1.6606608019792362
564 0.1678694803544316 0.28025104968996084 0.0 0.11579018894754489 0.0 1.4485467387561148 0.0
565 1.213837325758131 0.663164122104855 1.4853238346260453 0.13276050187410715 0.0 0.0 2.4842243101875705
566 0.0 0.0 3.28715003126417 1.5416535867857357 0.0 0.0 0.830151304098833
567 0.0 0.33625465805465793 0.0 0.0 1.3377063406306484 0.0 0.0
568 0.08769994259583351 0.8332672861287478 0.0 0.0 0.0 0.0 0.0
569 0.5142267117763152 0.5613333389184652 0.240854774686946 0.4229418213017219 0.0 0.0 0.9341945542104853
570 0.0 0.5836940250351635 0.0 0.0 3.2227369909082455 0.2829331677283311 0.0
571 0.40122470706393687 0.713396118002354 0.0 1.626989700416255 0.5808126678013565 1.0480558224896832 0.0
572 2.894551324171558 0.0 0.0 0.0 0.0 0.12306191239056927 0.20236334440186293
573 0.0 0.0 0.0 0.0 0.6159192864574415 0.0 0.0
574 0.3716279230965393 0.501534785347007 2.477216516476034 0.6752281392359274 0.0 0.0 1.6241557799542115
575 1.693790895586032 0.8087505123008921 2.3794443349124057 0.12455056868340411 0.0 0.0 0.3170112737586143
576 1.2690140601353925 0.0 0.0069973189871215076 0.23353863442504877 0.0 0.0 0.0
577 0.07954621884091403 0.0 0.2501418545255477 0.0 0.0 0.0 0.0
578 0.0 1.4928769571184004 0.0 1.4858488688873959 1.2452221246254573 0.29822323890689495 0.9313055250106643
579 0.4502088881640433 0.36913476343009083 0.11082283899643759 0.7211661359873396 0.0 0.0 0.0
580 0.0 0.001093826715419971 0.0 0.0 0.5271303059363928 0.0 0.0
581 0.0 1.7385271670226157 2.53525602787611 0.0 0.0 0.0 1.3760528753868468
582 0.0 0.0 0.24884139281220052 2.5378594707411173 0.0 0.0 0.0
583 0.0 0.0 0.4010375044966542 1.8652648888649996 0.0 0.0 0.0
584 0.0 0.0 0.3726940107042848 0.0 0.7017311313510577 0.0 0.0
585 0.0 0.9841063345741847 0.0 0.0 2.9070690350122272 1.45902297166826 1.3541068906155693
586 1.445290163306718 0.0 1.36833998316349 0.8373738579823025 0.0 0.0 0.0
587 0.0 0.240456746552511 0.0 0.0 0.0 0.0 0.0
588 0.0 1.318535539319953 0.0 0.0 0.2690963421200325 0.33421539570435965 0.0
589 0.9104278143250539 0.0 2.389714446539475 1.4693350287109324 0.0 0.0 2.1653312208182647
590 0.8981228538680763 0.0 2.841124631026965 0.4779994402050983 0.0 0.0 1.001720454712015
591 0.0 0.5646092067224414 0.0 0.3848448734649398 0.0 0.8853837876599743 0.0
592 0.0 0.0 0.0 0.4764312480734513 0.0 0.0 0.0
593 0.4611637538611062 0.11102814809713105 0.0 0.0 0.32244907812351703 2.0714359097820765 0.16965252056358743
594 0.0 0.2339380526194061 0.0 0.39061365757570776 0.49226001497842264 0.0 0.0
595 0.2557582443795915 0.0 0.5452013976787888 0.3859215362856688 0.05079264898336071 0.6122528757933587 0.0
596 0.0 0.7704398708866483 0.0 0.0 2.4844591457390184 1.0511128660109912 0.0
598 0.0 0.0 0.0 0.0 1.7133005862435808 0.8457871160169212 0.0
599 0.0 0.0 2.305878162771797 1.5842431332812406 0.0 0.28172785285094903 2.6108557430990533
600 0.13134504115542625 0.0 0.0 0.497997883184251 0.36258741697916125 1.2517962021249835 0.0
601 0.0 1.185470850346474 0.0 0.3593632767085301 0.041709376641638395 0.0 0.17608151105254793
602 2.2580148467468617 0.0 0.26813758898166207 0.3640911480352702 0.0 0.0 0.0
603 1.5615556970745728 0.12085309097609107 0.599787621093061 0.26425386743676704 0.0 0.0 0.17866172284652687
604 0.013897607544521861 0.0 1.5683715660777047 2.5571407384365883 0.0 0.0 0.0
605 0.0 0.652674859659744 0.0 0.0 2.5139514794383566 0.0 0.0
606 0.0 0.2631438043084731 0.8002372050332683 1.7972060263979364 0.0 0.0 0.0
607 0.0 1.0974892139464185 0.0 0.9324758205155113 0.0 0.0 0.0
608 0.23602786641056467 1.770444553602041 0.0 0.19112215146888345 0.8491652071332627 1.7326825248234647 2.650707691154199
609 0.02470923716880976 0.0 0.0 2.3526021780472206 0.05588323579284132 0.7021563684176445 0.0
610 1.4928259130165697 0.0 0.0 1.3358928758157704 0.0 1.0545880544842934 0.0
611 0.0 0.0 0.38154227461322016 0.0 1.4299887064410521 0.0 1.0858153949108698
612 0.04994263523109318 1.370555182907663 0.0 0.8943913640788533 0.4611293606513256 0.8121797443860976 0.6137108472625534
613 2.1528388076727367 0.0 0.4641735921606245 0.3150778879201965 0.0 0.0 0.0
614 0.0 0.0 0.0 0.0 0.5279308169635213 0.0 0.0
615 0.0 0.8677542306454809 0.0 0.1278292084720261 1.7729223722892176 0.0 0.48044590817470206
616 0.0 0.0 0.0 0.0 1.5902724352044897 1.0091240111370936 0.6205571766457251
617 0.0 1.4308398613101398 0.0 0.0 1.8564672607869075 0.0 0.0
618 2.4442533537068822 0.0 1.9766083782473833 0.10444683210282955 0.0 0.28070228737842895 0.0
619 1.5511722522498106 0.0 0.0 0.49026037399413075 0.0 0.0 0.0
620 0.0 0.0 0.34737827187207904 1.5643080615564675 0.0 0.0 0.1669944424121047
621 2.89775400150363 0.0 0.28446020965214597 0.1940512275101526 0.0 0.35256809715812 0.0
622 0.0 0.30215806280962365 0.0 0.0 0.9059989942406874 0.6897463324516008 0.257384237418546
623 0.0 0.0 0.24643063864556197 0.0 0.08798846949392021 0.0 0.0
624 0.0 1.2541993418078738 0.0 0.0 1.8977521777498003 0.0 0.0
625 0.0 0.0 0.0 0.0 1.1438501034209627 0.0 0.0
626 0.0 1.0951900519582602 0.0 0.0 2.363579165059174 0.8795702415725835 2.535181216129616
627 0.12287415426633871 0.0 0.061833987090605544 0.0 0.0 0.0 0.0
628 0.5741439884636906 1.6099633503493 0.18338077655541038 0.9405545199880553 0.16668192603298 0.499504465521905 0.4841634788126022
629 0.08587252655086758 1.1966312225189715 0.0 0.0 0.0 0.0 0.0
630 0.0 0.5238609533151956 0.0 0.48162693869491924 0.6283990677050855 0.0 0.6863002695292848
631 1.5949187343136249 0.20319419305201433 0.0 0.0 0.0 1.8946336414186025 0.0
632 0.0 0.9484805431256356 0.24768221164920062 0.0 1.1527238714708634 0.0 0.0
633 0.0 0.0 0.0 0.841638956760391 0.0 0.19103533665174544 0.0
634 0.2542378866063946 0.6335653488084821 0.0 0.4177477301672009 0.0 0.0 0.0
635 0.0 0.8909558248086095 0.0 0.7266978489852871 2.0249304205635976 0.0 0.0
636 0.0 0.5191857946277291 0.0 0.0 2.0522456385068253 0.0 0.1703930776270459
637 0.0 0.3657821131187199 0.0 0.0907270583287006 1.0698733699258693 0.25021191337030635 0.0
638 0.2615916452228435 1.5710930420657245 0.24758058718220122 1.3073665653554296 0.0 1.7024215710993595 0.7967861110910086
639 0.0 1.482952745445825 0.0 2.3258314646318223 0.0 0.2710747424573759 0.5782645464769929
640 0.0 0.5690882045967074 0.9441643812020017 0.0 0.28351029695213426 0.0 0.04791311385644593
642 1.1927435899760737 0.0 0.15673139316171905 0.0 0.0 1.0319677002950742 0.0
643 0.35953077408432077 0.0 0.6748514085804134 1.3642915530786635 0.0 0.7357440817980094 0.0
644 0.7680233306996948 0.13423923540748386 2.128864070982384 0.6736138326311829 0.0 0.0 0.0
645 0.8896220559490462 0.13514911201321203 0.7428694434054615 0.0 0.0 0.0 0.0
646 0.08192442919688767 0.0 0.12335369540559939 0.0 0.0 0.0 0.0
647 0.0 0.1212645268958506 0.0 1.7455459144226284 0.0 0.0 0.0
648 0.0 0.0 0.632367418544503 2.5520880108355892 0.11161374562075245 0.0 0.6939585234348731
649 0.0 1.3574772477405843 0.0 0.0 0.4143533020542729 0.0 0.0
650 0.0 0.0 0.0 3.811449984587611 0.0 0.0 0.0
651 0.0 0.0 0.5800182847796014 0.6840055348325714 0.030695184221658393 0.01906510580665311 0.8116571501833847
652 0.9128595510777748 0.0 0.0 0.29221220193947695 0.728383196792326 1.207949984871755 0.0
653 2.5970424464504456 0.0 1.150231841799625 0.0 0.0 0.0 0.0
654 0.0 0.847330752452941 0.0 0.5335974229319045 3.3837645014413873 1.6151485299282669 0.5973427203135716
655 0.3341000119090536 0.11024538372827518 0.0 1.4375097105514707 0.0 0.0 0.24570837308280935
656 0.41585120168034084 1.7095524301640308 0.296386550413242 0.0 0.0 0.0 1.167842992363045
657 0.0 0.5473854804857518 0.0 0.0 1.2711798863800798 0.0 0.0
658 0.0 0.1560386403651992 0.0 0.11150840852517585 0.0 0.0 0.0
660 0.0 0.0 0.12321531932278099 0.0 0.0 0.0 0.0
661 0.0 0.0 0.12321531932278099 0.0 0.0 0.0 0.0
662 0.47214562627519946 1.76022271381384 0.0 0.6814536679500522 0.006989389535021307 2.673027428812505 1.3103288249291296
663 0.0 0.0 0.0 0.0 2.287700206841926 0.0 0.0
664 0.0 0.0 0.0 0.5973407367082696 2.1767023691176877 2.1461202634965804 0.8030072659845516
665 0.0 0.0 0.0 1.1578552156728636 0.0 0.4167296408636178 0.0
666 0.0 1.5629688525913212 0.0 0.0 0.0 0.0 0.0
667 0.19984748775389743 0.0 2.2173324765327393 1.9221537795702974 0.0 0.0 0.43479141837709756
668 0.0 2.192094682897727 0.0 0.0 2.2672202977402076 0.0 0.0
669 0.0 0.0 0.0 2.054573705025019 0.5640554166021952 1.3091246238166137 0.0
670 0.3537378151834754 0.0 0.0 1.5243599558675172 0.0 0.34698043234056264 0.0
671 0.0 0.0 0.979589428324026 0.8019569765099155 0.0 0.0 0.0
672 0.0 0.0 0.0 0.0 2.016810300413455 1.581746201062209 0.0
673 0.0 0.6247067842426376 0.7683900082181435 0.0 0.7594500995460419 0.0 1.1216032301461827
674 0.0 0.0 0.39396467933735463 0.0 0.6865416761078076 0.0 0.0
675 2.008288517643806 0.7345609643781698 1.6204361212831988 0.0 0.0 0.5901364224545615 0.0
677 0.0 0.0 0.5141467410873787 0.7666175583491809 0.0 0.0 0.0
678 0.0 0.5680074276907077 1.3220770423803243 0.0 0.0 0.0 1.5745807869859663
679 0.5895783502855718 0.0 2.194645946327805 0.0 0.0 0.0 0.0
680 0.0 0.0 0.4917267921563056 1.5895663814785637 0.0 0.0 0.0
681 0.0 0.3622803930885717 0.0 0.26269184996961636 0.13841136098532647 0.8193646127053046 0.4350820090175327
682 0.9462659700498519 0.0 1.782001298575058 0.0 0.0 0.0 0.0
683 0.9250119392258801 0.15993510215180506 2.4296778941592665 0.0 0.0 0.8901701298582851 0.8470771771880206
684 0.0 0.0 0.0 1.4292937442203537 0.0 0.0 0.0
685 0.0 0.0 0.0 1.905724992293805 0.0 0.0 0.0
686 0.0 0.0 0.0 0.1774104192691724 3.6852104386562825 0.0 0.0
687 0.0 0.37089873048836586 0.25853344024266606 0.3767842001235171 0.0 0.0 0.3067739747266362
688 0.08012360064905527 0.0 0.47133790858171837 2.5723731449433807 0.0 0.0 0.0
689 0.0 0.0 0.0 1.0089648661737673 1.6568773476654766 0.4287417032940851 0.0
690 0.0 0.305861717766837 0.0 0.6609717857571682 1.0817281348937735 0.0 0.0
691 0.0 0.1202283754353328 0.0 0.0 0.08798846791381144 0.0 0.0
692 0.30487844690531907 0.0 0.27191321771586685 0.9649172293846857 0.0 0.0 0.0
693 0.0 0.12241560176969538 0.0 0.0 0.0863877584277473 0.0 0.0
694 1.7440689182559073 0.0 0.0 0.2866223050920418 0.0 2.913282832223274 0.0
695 0.3107210013449374 0.7467965618534724 0.0 0.0 0.0 0.0 0.0
696 1.3239204606975326 0.0 1.3433160101703494 0.1517752044919601 0.0 0.0 0.0
697 0.0 0.8088745238541999 0.0 0.8372775356379023 0.0 0.0 0.0
698 0.62307981386892 0.0 0.41507871275566843 1.1171155504288055 0.0 0.0 0.0
699 0.8990222477875303 0.0 2.2244282306910677 0.2729980181772802 0.0 0.0 0.1589326210471721
700 0.0 0.2442944758696343 0.0 0.0 2.5344366558708864 1.3192375617634645e-06 1.903169018273216
701 0.0 0.0 0.0 0.0 0.0879884694939202 0.0 0.0
702 1.5239573567130558 0.0 1.3827930561596928 0.0 0.0 0.0 2.032748487306104
703 0.22532176302306087 0.0 0.0 2.5358105431471016 0.0 0.5937933237628326 0.0
704 0.0 1.20153265835281 0.0 0.47742334699508304 0.0 0.0 0.0
705 0.0 0.9546610389306786 1.324108403807406 0.2136774982152923 0.0 0.0 0.3724812016366362
706 0.0 0.7331322091545953 0.0 0.6521660509852715 2.4610889311894084 0.42974170402639195 0.0
707 0.0 0.0 0.0 0.0 1.125061980755625 0.03055130171307777 0.6202042353093102
708 1.4263592272462793 0.0 1.8000381365685432 0.0 0.0 0.0 0.0
709 0.0 0.0 0.0 1.905724992293805 0.0 0.0 0.0
710 0.0 0.45351696985356393 0.0 0.0 2.1805643878560166 0.0 1.185471883947517
711 0.0 1.262520893399132 0.11341780017277593 0.16633312050332713 0.1347212139215641 0.0 0.0
712 0.0 0.24045674655251098 0.0 0.15881041602448376 0.0 0.0 0.0
713 0.0 1.0976713239813731 0.0 0.2816292515231368 1.9716870874457413 0.3020285883316812 0.0
714 0.2780063206613339 0.0 0.3048828871466706 0.0 0.0 0.02833220050474089 0.11092214645598811
715 0.16884606425252408 0.0 0.40253019132714757 2.6799320744689066 0.0 0.0 0.7278629760267884
716 2.1806169104857656 0.0 0.0 0.0 0.0 0.8327936980733408 0.0
717 2.434292234086536 0.0 1.6411658458731604 0.0 0.0 0.0 0.0
718 0.9244846582010781 0.0 0.0 1.8591262185624178 0.0 2.583721873903433 1.2581399631263928
719 1.5852310896478174 0.2235470242820643 0.0 0.0 0.0 2.0507726937983053 1.3252360757585042
720 0.0 0.8075489227697097 1.9176774028151562 0.0 0.0 0.8883733426911238 2.36108427977376
721 3.061501030055851 0.0 0.0 0.0 0.0 0.07551622801953681 0.0
723 0.8942674161729744 0.0 1.4904739570780485 0.0 0.0 0.0 0.0
724 0.0 0.0 1.6549747254486853 2.1548086074139015 0.0 0.0 0.0
725 0.0 0.8111179716946763 0.2463146826848063 0.0 0.6383091795691732 0.0 0.0
726 0.10523482783265145 0.31855060783069267 0.0 0.0 0.0 0.11991837101987626 0.0
727 0.0 2.3824095342071887 0.07820984349739062 0.0 0.0 0.398793915833504 0.0
728 1.8856101706055508 0.0 0.0 0.0 0.0 2.0233607993749394 0.0
729 0.5540752883570482 0.4072551677944098 3.6176252112184857 0.7141402599954179 0.0 0.0 0.0
730 1.6783094910146226 0.0 0.0 1.3678103025953996 0.0 0.6655731695942282 0.0
731 0.0 0.6002907265817986 0.0 0.9145714650200881 3.0845748967200537 2.10143107375805 0.5631910933397102
732 0.8465928742639022 0.0 1.1867832548613213 0.6425461621450104 0.0 0.0 0.0
733 0.8540634762113546 0.0 1.423450528680471 1.8389519325239982 0.0 6.000496396075679e-07 1.4376295636394343
734 0.0 0.8590898594327856 0.0 0.4952853508204528 0.5046838818196027 0.0 0.0
735 0.0 0.0 0.12740202566616493 0.0 0.17298718191181844 0.11235034057117256 0.0
736 0.0 0.0 1.8724523831679796 0.9405175287661379 0.11380040496222782 0.0 1.5798527460977592
737 0.0 1.1797219291221674 0.0 0.7524696638823005 1.9480580916353651 2.0570860476748924 0.0
738 0.0 0.03981708151363637 0.0 1.6705862692375857 0.3690867736006239 1.343117635756748 0.0
739 0.0 0.5152650572819923 0.0 0.0 2.52652561322361 0.0 0.0
740 0.0 0.292896985338009 0.1784818545541239 0.5996773865357898 0.0 0.03811300115003127 0.0
741 0.0 0.16986899098324063 0.0 1.619167529518446 1.0950942109111055 1.9038470045705962 0.0
742 0.8007094461773812 0.0 0.0 0.35529376859452033 0.0 0.0 0.0
743 0.0 0.7151397587873206 0.13216413255552223 0.4967022726120077 0.0 0.4327230652536541 0.0
744 0.0 0.5615170775018203 0.0 0.0 3.7673362650923408 1.1502601045682117 0.9130834542189556
745 1.0274721838862908 1.635881119440931 0.7048555365114525 0.0 0.0 0.5215787051892388 1.4437015990209754
746 0.9934149780577013 0.0 1.072703811523952 0.6640970450762704 0.0 0.0 0.0
747 0.0 1.4433729716201877 0.0 0.0 1.055398747934512 0.0 0.0
748 2.9102575044990884 0.0 0.13052714422852588 1.2443536867005978 0.0 0.29451543067981684 0.0
749 0.0 0.0 0.14445191996538412 0.0 0.2488002813038548 0.0 0.0
750 0.0 0.48091349310502196 0.0 1.27048332819587 0.0 0.0 0.0
751 0.0 0.0 0.0 0.0 1.90622523970711 0.26239539504610454 0.0
752 0.0 1.3705497508437323 0.0 0.2624606267048869 2.8398574062125475 1.1458093528690865 2.4441064187820922
753 0.0 1.5410434167723366 0.0 0.3011117095044292 0.11322462281499562 0.22464533711743281 0.0
755 0.8500455461938182 0.5209616656157282 0.0 1.2679455984093093 0.08117801788997617 1.155479094850123 0.26498902271985264
757 0.3572041793825389 0.7272065692641974 0.0 0.0 0.0 0.8534339410654337 0.0
758 0.0750410578695066 0.9342545319963945 1.4318167111528894 0.7454465213516044 0.0 0.0 0.0
759 1.3022875173467707 0.0 0.0 1.7127871959870034 0.3384140254975116 1.0662520749325282 0.0
760 0.0 1.0092603065522763 0.0 0.0 2.6929287413720635 0.0 0.0
761 0.08192442919688767 0.0 0.12335369540559939 0.0 0.0 0.0 0.0
762 0.3141789330423856 0.0 0.5650342830898363 0.7279194730170689 0.0 0.0 0.0
763 0.0 0.0 0.0 1.4422036526221738 0.08083577063437122 0.0 0.0
764 0.0 0.6685435915701764 0.28025135922556843 1.4554817664308455 0.0 0.0 0.0
765 0.8127924699489556 0.0 1.2175097068911716 0.5095813358033047 0.0 0.0 0.0
766 0.0 0.24208454072175262 0.0 0.020895570561938068 3.2882817847289387 0.7283839794606103 0.0
767 1.256607330619645 0.0 0.0 0.0 0.0 0.0 0.8382107031798663
768 0.5133475721013977 1.4895024858191428 0.40687512803641607 0.69641768507851 0.0 0.187020752684955 0.0
769 0.0625458222507339 0.1271700912920746 3.380488566562549 0.5945930282833571 0.0 0.0 0.0
770 0.0 1.4836295624728515 0.0 0.0 1.983871552227565 0.0 1.8967780210471825
771 0.0 0.4722074491111311 0.0 0.0 0.6403801868602541 1.0166554842495648 0.47007728508472374
772 0.0 0.80831433698782 0.0 0.0 1.4399350646857463 0.4394919092536034 0.0
773 0.0 0.6875361666891485 0.0 1.0110182310839362 1.704594595813241 0.17327649750044985 0.0
774 0.0 0.833499709343203 0.0 0.0 2.663647201961944 0.8308287015466957 0.3011779214025627
775 0.0 0.0 1.196182577492311 0.9992244946468347 0.0 0.0 0.0
776 0.8734801743697866 0.0 0.0 0.0 0.0 2.173973140062391 0.0
777 0.07158071794150253 0.31598730887099 1.111248927700592 0.0 0.0 0.8744565456790626 2.2210874864465016
778 0.8936132700474806 1.5409238858751286 0.0 0.0 0.5580968080572978 1.0960060861999877e-07 2.879751532452581
779 0.0 0.44818563737934314 0.591164932190384 0.0 0.6052210772356678 2.2016135867904927 1.2196636653547314e-06
780 0.0 0.3606851198287665 0.0 0.0 0.0 0.0 0.0
781 0.16628353988679723 0.12436423434228858 0.3091172733134393 1.0620463271689604 0.1313051267781812 2.4697151104329937 0.9120982289033759
782 0.0 0.0 0.44673132137922633 0.37707705494255284 0.0 0.0 0.0
783 0.19166812405821348 0.2582835477186715 0.0 1.9874775231891673 0.0 0.0 0.0
784 0.0 0.0 1.885573624467007 1.5399722400794875 0.0 0.0 0.0
785 0.0 1.3404471923362835 0.0 0.0 0.9633111249719166 0.0 2.6234266527234658
786 2.4790880999479192 0.0 1.1137072575816358 0.5930944148885227 0.0 0.0 0.0
787 0.983836784837365 0.0 3.168892505823109 0.6694072244053135 0.0 0.0 1.2639714038494234
788 0.0 1.7183705569857586 0.25745695120710665 0.06999126429893165 0.12414204031068987 0.41313230863673145 2.39581925933102
789 0.0 0.12165398655574271 0.0 1.2686002266297765 0.0 0.0 0.0
790 0.11705343211803741 0.0 0.0 0.09096770979172626 0.0 0.0 0.0
791 0.0 0.0 0.3938019811688238 1.874590648650091 0.0 0.0 0.0
792 1.9059062089552656 0.0 0.0 0.26197202495134364 0.0 2.0349269900014906 0.0
793 0.0 0.0 0.31092810386970415 2.775457652466838 0.0 0.0 0.0
794 0.0 0.0 0.12321531932278099 0.0 1.8477578593723245 0.0 0.0
795 1.3705779170383803 0.12244352582175505 0.0 0.0 0.0 0.4798011185433032 0.0
796 0.0 0.12989713731090655 0.0 0.7580669167439567 0.10084991778220044 0.0 0.0
797 1.968396894775037 0.0 0.0 0.0 0.0 0.0 0.0
798 0.0 0.0 2.2178757478100577 0.0 0.0 0.0 0.0
799 1.9299276422958604 0.0 0.7662371212406083 0.03975957594691649 0.0 0.0 0.0
800 0.0 0.0 0.0 0.0 0.7039077559513616 0.0 0.0
801 0.0 0.0 0.17894757406352235 1.8338925074209342 0.0 0.0 0.0
802 0.0 0.5580638927736429 0.0 0.0 0.0 0.6020068572130677 0.0
803 0.0 0.0 0.0 0.3176208320489675 0.08798846949392021 0.0 0.0
804 1.5856811313288706 0.0 2.609276146567432 0.0 0.0 0.0 0.3124827056546081
805 0.0 0.0 0.369645957968343 0.0 0.08798846949392021 0.0 0.0
806 2.5066065388577856 0.0 1.7665269022879624 0.0 0.0 0.5730856707833503 0.0
807 0.0 1.0762198135256118 0.0 0.383714086463555 1.7866025753552892 2.3147348135406673 1.8480323891341701
808 0.6608731705948425 0.0 2.646773538204942 0.0 0.0 0.0 0.057898241195532586
809 0.5398977393289217 0.48279605867629505 1.0370129546877027 0.15647338380433112 0.0 0.0 0.0
810 0.7723220573556164 0.0 2.526996350556616 0.8058919645712157 0.0 0.0 0.0
811 0.0 0.0 0.25827035182310837 0.0 0.871429916365685 0.0 0.0
812 0.0 0.0 0.19260441561519062 2.8143694380725 0.0 0.3253934288547791 0.7303288670680401
813 0.0 0.49226532521758637 0.0 0.8595894869962134 0.0433698759173277 0.0 0.0
814 0.0 0.520975130955065 0.0 0.0 0.32263499006437657 0.0 0.0
815 0.0 0.44884362951366696 0.0 0.0 3.9882689804268274 1.4537641172924545 0.0
816 0.8165479968853799 1.3603523028892077 1.1210343410802013 0.0 5.013354658691556e-05 0.03299772728312121 4.309515694043939
817 0.0 0.5078629440808774 0.0 0.2820231324005412 0.0 0.0 0.0
818 0.0 0.0 0.0 0.0 2.785905163958888 1.161459421354691 0.0
819 0.0 0.0 0.0 0.0 2.6396540848176064 0.0 0.0
820 0.7342282721564906 0.0 0.0 0.5187309394902534 0.0 1.3236495339021772 0.0
821 0.0 0.0 0.0 0.3598703762614875 2.348568703844304 0.0 0.38181467589047113
822 0.0 0.6477438197880852 0.0 0.0 0.31784849632612466 0.0 0.0
823 0.0 0.0 0.12321531932278099 0.0 0.0 0.0 0.0
824 0.2704742537521909 0.0 1.0189393734004983 1.179819277085592 0.08829730227627286 0.0 0.0
825 0.4918243063649749 0.984710203647612 0.0 0.0 0.0 2.3383495367928844 0.0
826 0.0 0.26171084767773106 0.0 2.1782843922823023 0.0 0.4529866182693598 0.2604328348150561
827 0.0 0.2697479973719757 0.0 0.0 2.2662635670626843 0.0 0.0
828 0.0 0.3087412828077115 0.0 0.0 1.2501281180293449 0.13753702668294587 0.0
829 0.0 0.0 0.0 1.070202593858012 0.13538859953002186 0.4804282154455955 1.5620897173883952
830 0.44179774159101365 0.0 0.0 1.5191532183407506 0.0 1.4658886006667524 0.0
831 0.0 1.5693046323471633 0.0 0.0 0.9632363590886288 0.0 0.0
832 0.0 0.0 0.0 2.136575369589904 0.0 0.6231372985083958 0.0
833 0.0 1.0032138917767541 0.2030611508736159 1.2098517081075422 1.0021474627467901 0.0 0.0
834 0.0 0.0 0.0 0.0 0.0 0.11235031995463517 0.0
835 0.0 0.0 0.0 2.016468319852357 0.20260837572240686 0.0 0.0
836 0.0 0.0 0.0 0.0 0.9501171691220827 1.7079269945035356 0.0
837 0.19219412429380284 0.6426855413549573 0.0 0.6846479211331195 0.0 0.0 0.0
838 1.497279060723895 0.0 0.8012567476714298 0.3605864936137555 0.0 0.558463706923439 0.0
839 0.0 1.2951087991261145 1.0978282876073266 0.0 0.8213595752418553 0.9405552246977129 4.218483741307216
840 1.4274897575277146 0.0 3.0902610220919016 0.6392138618235167 0.0 0.8140487661133833 0.1561665562502692
841 0.2372199346510994 0.30016298692427884 0.13359770150481926 0.5993699721567451 0.0 1.4203073995872377 1.0179716463154511
842 0.0 0.0 0.0 0.26489132499935475 0.0 0.0 0.04167175852617699
843 1.024744590909922 0.0 2.1772039050949994 0.08238640169893752 0.0 0.0 1.7968739390577293
844 0.0 0.0 0.0 0.0 0.08798846949392021 0.0 0.0
845 0.569636763084125 0.7507974928691938 0.0 0.9290944049674081 0.0 3.141260221345762 0.0
846 0.5788912752946072 0.0 0.0 1.3418787232763592 0.0 3.278474751673688 0.9176285199706863
847 0.0 0.5435135291411685 0.0 0.9386831743147948 0.3139964019479976 0.0 0.0
848 0.0 0.7397081671345184 0.7287167801419613 0.0 0.38982316726310284 0.0 1.6947065959439083
849 0.0 1.299828584899765 0.0 0.0 0.8821827760800289 0.0 0.2714149213190059
850 0.7007091276447209 1.0347262902291972 1.7336069721585967 0.5226788929756441 0.0 0.25679383358767277 2.7866952532653793
851 0.0 0.7929779267347269 0.0 0.0 2.5549863464482785 1.008868674110837 1.3036378247919953
852 0.0 0.9490818173015947 0.0 0.5464318026751513 2.733796481574316 0.3459617823785979 0.3157717791517003
853 0.0 0.09795212040090177 0.20769366985550208 0.9595168751365211 0.0 0.0 0.5594797165326791
854 0.0 1.0760633758704126 0.0 0.26730574385466743 0.4572952515185375 0.5692345366808926 1.016961361857271
855 0.0 0.09895281868831889 0.0 0.0 2.0432856476552184 0.6690193775818146 0.0
856 0.0 0.0 0.7197482328267171 0.0 1.1224438606523692 0.0 0.05044100213426575
858 0.0 0.0 0.12321531932278099 0.0 0.08798846949392021 0.0 0.0
859 0.0 0.0 0.2556231024056279 0.0 1.1372857344644722 0.0 0.0
860 0.0 1.2856078557468495 0.0 0.0 2.644763859678292 1.1054439991472274 0.30242334948408445
861 0.0 0.46204651209102754 0.0 0.0 1.2405539091043938 0.2233806368759513 0.2597518289333269
862 0.16403307456458643 1.371697637456669 0.0 0.0 1.8997501699499266 0.0 0.0
863 0.0 0.0 0.0 0.7194009373456556 0.8459653218146764 3.5389079485747468 0.29578101682543034
864 0.13349636581710347 0.0 1.4521980083530808 0.0 0.0 0.0 0.7011394460533276
865 0.24252430882537873 0.0 0.0 1.6031403582918782 0.0 1.0053446664883954 0.0
866 0.9319213318797348 0.0 2.466921263283739 0.09785504646027816 0.0 0.0 0.0
867 0.0 0.0 0.0 0.0 0.08798846949392021 0.0 0.0
868 0.0 0.5242061248880991 0.0 0.0 1.05482045561867 0.6222036393112748 4.4070039127784035
869 0.0 0.9501800817307036 0.0 0.0 2.568365321431069 1.4501144464448696 0.0
870 0.5275180464971829 0.0 0.0 0.0 0.0 0.17618218002008063 0.0
871 0.7211187048777181 0.0 0.2540737615104259 1.5575077838682794 0.0 0.0 0.6699891670383978
872 1.8976553711179818 0.0 0.0 0.0 0.0 0.2734999507587981 0.053739232361391435
873 1.558314208363571 0.0 0.0 0.0 0.0 0.0 0.0
874 0.0 0.07410287198396873 0.0 0.37368232063559026 0.3520168689539429 0.11571232026003889 0.0
875 0.0 0.0 0.12321531932278099 0.0 0.0 0.0 0.0
876 0.46456863401119836 0.39622922995005905 0.0 0.6221117382452062 0.0 0.018719128397875418 0.24550322528963475
877 0.0 0.7705551997916665 0.0 0.0 2.075727527028599 0.0 0.0
878 0.023758812185326172 0.0 2.2303175714218373 0.9997901582975599 0.0 0.7592998442456939 1.4502960462900178
879 2.8899611779183507 0.0 0.5140365550662856 0.38510970100864406 0.0 0.24344700633409444 0.0
880 0.0 0.0 0.0 0.0 0.3519538779756808 0.0 0.0
881 0.0 0.5314542820705846 0.0 0.0 1.1948505762639015 0.0 0.0
882 1.6508775091731733 0.0 0.0 0.4593316103431039 0.0 0.10999996725363727 0.0
883 0.0 0.5047183925429937 0.0 0.29348695369114614 1.0875471611228156 1.7953345805297793 3.84227241225161
884 0.0 0.6087430322244735 0.0 0.4663908202032734 0.0 0.0 0.0
885 0.0 0.91408769151751 0.23125335308835432 0.21090580350387908 0.0 0.0 0.777164638638249
886 1.1075063913337693 0.0 2.1558427234228565 0.0 0.0 0.0 0.0
887 1.2426920600083 0.0 0.0 0.3056760004408464 0.0 1.002556833169046 0.0
888 0.0 0.0 0.0 0.2587492978928848 1.54689118534053 0.20111726790801018 0.0
889 2.757596611297756 0.382429951927866 0.8517991776206364 9.377442381776956e-05 0.0 0.32847826099101496 0.4216159875031895
890 0.0 0.0 0.0 1.1116729121713864 0.0 0.0 0.0
891 0.14863174281472513 1.5457580993932962 0.6969381988448027 0.12272735115160374 0.0 0.10132646346297042 0.0
892 0.0 0.0 0.0 0.0 0.35195387797568084 0.0 0.0
893 0.0 0.0 0.0 0.924861955720933 0.0 0.0 0.398648894318268
894 0.0 0.0 1.8575467740791745 0.9408539719554552 0.0 0.0 0.0
895 0.0 0.4451617561881034 0.0 0.4250578912434289 2.8630598908358755 0.9079949258008659 0.0
896 0.0 0.6489068434050511 0.0 0.0 3.191841153217223 0.9355455252123428 0.0
897 0.49196880653010183 0.0 1.848425718528754 0.0 0.0 0.0 0.0
898 0.0 1.3116307233305673 0.7492337109841123 0.0 0.0 0.0 0.0012324249980487294
899 0.32065721961910737 0.0 3.1679783801584183 1.4304798804936265 0.0 0.0 0.6742163244968135
900 0.0 0.48129532991890206 0.0 0.0 2.07158230618512 0.9831806734334331 0.8411468006865802
901 0.0 0.4163028331533655 1.669412789488455 0.22433426269183687 0.0 0.0 0.574326948470479
902 0.0 0.12343514880137244 0.11992887487080571 0.0 0.0 0.0 0.0
903 0.0 0.0 0.0 0.0 0.9023002025385543 0.0 1.599614330909108
904 0.0 0.0 0.0 0.998217943883903 0.15354932830090653 0.10890090589200423 0.0
905 1.5282002226469165 0.3691074138615575 0.0 0.0 0.0 1.6062856933764815 0.0
906 0.0 1.2334702739351822 0.0 0.0 2.537504525315512 0.42573433849114994 1.1436428338437308
907 0.0 0.2930725813066844 0.0 0.0 2.9703798180651804 0.664802210151328 0.7387832519348193
908 1.4332766161108033 0.0 2.1942819522268655 0.9225772452053527 0.0 0.0 1.7453880685537595
910 0.05132249620311656 0.0 0.6621889563671594 0.0 0.0 0.0 0.0
911 0.1793553808490112 0.0 0.32864396641723914 1.2936612761353414 0.0 0.0 0.0
912 0.0 0.48091349310502196 0.0 0.0 0.0 0.0 0.0
913 0.0 0.2674702557290105 0.0 0.0 0.38469163628161474 0.15765516983054992 0.0
914 0.0 0.0710683683718627 0.0 0.4425146910594083 0.054768851601881 0.0 0.0
915 0.0 0.0 0.37476396671853707 0.7874555537870365 0.0 0.0 0.0
916 0.0 0.0 0.17395878571887952 1.5227016514238514 0.0 0.0 0.0
917 0.0 0.438911338326645 0.12109939292882796 0.0 0.8241462600075271 0.0 0.0
918 0.0 1.9974296230598216 0.0 0.0 0.8258923933816267 0.0 0.0
919 0.0 0.4366260362853607 0.0 0.0 1.6132886210281843 0.11607287167305078 0.0
920 0.0 1.2300920857921995 0.0 0.0 2.4152870085365366 0.17258735337785996 2.2318251519840153
921 0.0 0.0 2.563443865910671 0.5074648223674724 0.0 0.0 0.0
922 0.0 1.1293862887880672 0.0 0.4139115252458972 0.0 0.0 0.0
923 0.0 0.12767842707374688 0.0 0.0 0.3465015973415379 0.0 0.0
924 0.6038181302009843 0.0 0.13715027743288224 0.0 0.4491739402526369 2.0694745183731484 0.0
925 0.0 1.4983789119525215 0.07975907566817596 0.0 0.694221325178198 0.0 0.0
926 2.447906827936018 0.0 0.0 0.14960279874152815 0.0 0.8102115966900612 0.0
927 0.0 0.0 0.18281350507061017 2.4641514298035374 0.0 0.0 0.0
928 0.0 0.0 0.27397237605573244 0.0 0.020824094359705086 0.0 0.6952831085916598
929 1.1011555709865106 0.0 2.042146476198417 2.8240154170939538e-05 0.0 0.0 0.0
930 2.0086830286540365 0.0 0.8385806080953397 0.013155718183844794 0.0 2.3328536473175054 0.48396004724395747
931 1.0920591976005898 0.3199662824655021 0.01855383183458542 0.1386397084090604 0.0 0.0 0.0
932 0.444291892478055 0.24047432337255917 0.4696269916182775 1.8694080702831948 0.0 0.0 0.0
933 0.0 0.0 0.0 0.1772558261495887 0.6056996582572015 0.0 0.0
934 0.8959123883807341 0.0 2.448205371279193 0.5482479548204939 0.0 0.0848131860759958 0.0
935 0.44694325331313234 0.3490347834322928 1.8273672663361795 0.0 0.0 0.5436852682712299 0.6247217223973967
936 0.0 1.1157365173404898 0.0 0.0 3.569450611457058 1.703459452200776 0.8773634875049388
937 0.0 0.289933962971463 0.0 0.0 0.6676981289815287 0.0 0.0
938 0.8472696995770002 1.9591052556574682 0.0 1.1378314418144253 0.0 0.4376282944213682 2.800649671926405
939 0.0 0.0 0.369645957968343 0.0 0.08798846949392021 0.0 0.0
940 0.0 0.7094668471156342 0.0 0.7519602724192401 0.032032280983784606 0.0 0.0
941 0.0 0.0 0.2663966660232456 1.6797025583894882 0.0 0.38952876273568593 0.3506770607804269
942 0.0 0.24045674655251098 0.0 0.0 0.0 0.0 0.0
943 0.0 0.0 0.9857225545822479 0.0 0.0 0.0 0.0
944 0.3810166687919518 0.0 1.73485540159917 0.0 0.0 0.814162322146047 0.2545131907023905
945 0.0 1.1723263459575612 0.0 0.21000909607379856 0.967602827599771 0.3291700820528293 0.0
946 0.09884867917572082 0.0 1.1591358360535513 0.37913938695806293 0.0 0.0 0.0
947 0.4962585727905212 3.461115418781425e-05 0.4086966218853283 0.0 0.0 1.643917556654625 0.0
948 0.0 0.5807332179913214 0.0 0.0 1.8626938157305264 0.0 0.0
949 0.0 0.77482510200768 0.0 0.0 3.094171078201876 2.228358368037507 2.454375880953589
950 0.433604988779824 0.0 0.0 0.2454763211864638 0.021690862403058956 0.7775722776636014 0.0
951 0.5413214977124693 0.0 2.2885327259314434 0.0 0.0 0.5639751085770501 0.7287694570898777
952 0.0 0.0 0.0 2.7686616133517967 0.5777539980560943 0.0 0.0
953 0.0 0.7704318734089812 0.0 0.0 2.466098845524737 0.8229341953112097 1.4106570979365367
954 0.0 0.0 0.0 0.0 0.08798846949392021 0.0 0.0
955 0.0 1.247081819766697 0.0 0.0 1.1110648714134328 0.0 0.0
956 0.0 0.07807754353517074 0.0 0.0 0.3322903653293772 0.0 1.0761034485726886
957 0.0 1.3618311917282868e-06 0.0 0.0 2.727641557662907 0.0 0.0
959 0.0 1.176825924167437 0.0 0.0 1.250469729221112 0.0 0.0
960 0.0 1.8476356332838466 0.0 0.755649068209804 0.334865632102918 1.5924538985681918 0.614268399454038
961 1.558314208363571 0.0 0.0 0.0 0.0 0.0 0.0
962 1.9385301966034354 0.526635781499051 0.0 0.0 0.0 1.1216897822471539 0.0
963 0.07643907024041263 1.1038531692348417 0.10925512244704862 0.0 0.0 0.0 0.0
964 0.0 1.2231548957892446 0.0 0.18382537842150193 0.5288929544977627 0.0 0.2080844987610696
965 0.0 0.3778594233013893 0.27676896188383815 0.0 0.1417433224876501 0.0 0.0
966 0.0 1.1669978591044132 0.0 0.16745234322591684 0.0 0.5260984288176155 1.1993943908390614
967 0.0 0.0 0.0 0.0 0.26396540848176064 0.0 0.0
968 1.0759188407708482 0.0 0.0 0.0 0.0 0.0 0.8636978450438721
969 0.47893199755795623 0.0 2.186987550262046 0.5417385805156638 0.0 0.0 0.0
970 0.0 0.4217890676285429 0.0 0.0 2.24298162086734 0.0 0.0
971 0.85780147626142 0.0 0.0 1.3367410230384182 0.0 2.148576637437236 0.0
972 1.4767192543372727 0.0 2.0427523591666725 0.1270645910877225 0.0 0.0 0.2028235279524191
973 0.21060248705176804 0.6972834694891984 0.0 0.3918214594285171 0.4882063348633119 0.29399637046517507 0.0
974 0.0 0.8514863226307126 0.29227090142006795 0.0 0.13600598920831142 0.0 0.0
975 0.0 0.0 0.0 1.7920025456790651 0.6789268918477099 0.0 0.0
976 0.0 0.5081379460852511 1.8776549745778761 0.040421551298477035 0.11264480332061003 0.0 0.0
977 0.0 0.38442607000139023 0.0 1.2570477910087026 0.3134930848840984 0.9243618078386087 1.6437307654014761
978 0.09770005466654352 0.0 0.0 0.0 0.17979000320717758 0.006371216267856602 1.2185114107673405
979 0.0 0.31743361892062355 1.1425420189332667 2.416352765467509 0.0 0.0 0.9879500530183952
980 0.04974920121304689 0.8888994312091446 0.0 0.0 0.0 0.0 0.0
981 1.1124293302781165 0.0 0.0 0.5457558153221824 0.0 0.0 0.0
982 0.0 0.0 0.0 1.9057249922938049 0.0 0.0 0.0
983 2.02686354961127 0.0 0.1415614196417547 0.42227544034911 0.0 1.0649968052770702 0.0
984 0.15563940440615515 0.13253268826449033 0.0 0.0 0.0 0.0 0.0
985 0.0 0.0 0.4699896103372636 0.0 0.0 0.0 0.14880376608867452
986 0.09766758450898386 1.4893431306626415 2.2275261189797604 0.0 0.0 0.0 1.2981456211294904
987 0.0 0.33699577647421763 0.0 0.15959739369764492 0.0 0.6956822544753557 0.0
988 0.0 0.0 0.9476704632171982 3.384063518392737 0.0 0.0 0.0
989 0.0 0.0 2.834737037500981 0.8948738878251544 0.0 0.0 0.1705354579789822
991 0.0 0.41577939343199966 0.0 0.6077753074317096 1.1758147564107433 1.724737112106682 0.0
992 0.0 0.49023102696059395 0.0 0.0 2.73927635650585 1.0999412871483534 0.0
993 0.0 0.4324823984209968 0.0 0.0 0.8044107690044864 0.44266255555342704 1.9228357803728064
994 0.0827528538409006 0.26598873763976916 0.0 0.0 1.5922146958298145 0.0 0.21122034109436558
995 0.42735396531557224 0.0 2.068713391270166 0.0 0.0 0.0 0.0
996 0.0 0.7900383287177746 0.29927188327799004 0.0 0.0 0.0 0.0
997 0.4455797713341081 0.3865415129202735 1.4652223953334669 1.1364382936442947 0.0 0.0 0.6657671507347076
998 0.0 1.3765475120939876 0.0 0.0 1.7986873069445015 2.187894892194169 2.3387416777846983
999 0.0 0.22567241511822542 0.0 0.0 0.2747852396076847 0.0 0.0
1000 2.8305095272323926 0.0 0.0 0.3952078512516496 0.0 0.0 0.0
1001 0.0 0.0 0.12321531932278099 0.0 0.0 0.0 0.0
1002 0.0 0.0 0.0 0.0 0.26396540848176064 0.0 0.0
1003 0.0 0.0 0.0 1.7469145762693215 0.0 0.0 0.0
1004 0.7610544759827828 0.0 2.8908437376499343 0.9920343548885272 0.0 0.0 1.5076295432717683
1005 0.0 0.0 0.0 0.0 3.4905712726472693 0.14933821974154654 0.0
1006 1.8160581510112412 0.628950996304556 0.5625379628554785 0.6875101490248168 0.0 1.4659037506301296 1.2153929665801928
1007 4.497539796268653e-05 0.0 2.428451950132221 0.0 0.06723754009413338 0.0 0.19155827803807549
1008 0.0 0.5382298179894909 0.3261766057505902 1.5121445066094998 0.0 0.0 0.16998220530116198
1009 0.8207878137572329 0.0 2.9465680500258515 1.4417501847185477 0.0 0.0 0.0
1010 0.0 0.12323922043637583 0.12300120808394656 1.034959488997591 0.0 0.18644018424308312 0.2259487215897747
1011 1.2645533780111036 0.5316070637284113 2.618518830689243 0.0 0.0 0.0 0.36503816119669846
1012 0.0 0.0 0.0 0.0 3.0795964322872074 0.0 0.0
1013 0.0 0.0 0.0 0.17391145152188822 1.8393911726369587 0.0 0.0
1014 0.0 0.09141783815827664 0.0 0.5320813681806069 1.1341021397409201 0.0 0.0
1015 0.0 1.3132272347087612 0.0 0.0 0.634750864328922 0.0 0.4848581604917917
1016 0.0 0.2669069491064993 0.0 0.28224012373114304 0.26421055723239495 0.0 0.0
1017 2.425586060020157 0.0 0.0 0.0 0.0 1.0589744088381894 0.0
1018 0.7786286335969153 0.6427291238533158 0.0 0.7554453464661548 0.0 1.5059033302777327 0.0
1019 0.0 0.13961094750913877 0.0 0.0 0.16179190932196444 0.0 0.0
1020 2.368484590334116 0.3685845806904835 0.5847144439706304 0.4398965708104262 0.0 0.0 0.31888068230350464
1021 0.0 0.0 0.24643063864556197 0.0 0.0 0.0 0.0
1022 0.0 0.16785128760004128 0.0 0.5362385490144307 0.7944683842121473 0.0 0.9034061200018608
1023 2.1332410858411954 0.0 0.0 0.0 0.0 0.6729908121208361 0.0
1024 0.0 0.9941284354443843 0.0 0.0 0.5922796496303292 0.0 0.0
1025 0.0 0.0 1.615017075325182 0.0 0.0 0.003433522310064617 3.7479033095954453
1027 0.9917033914666058 0.0 0.4366816658168184 0.37549792098590173 0.0 0.0 0.0
1028 0.0 1.751279670577933 0.0 0.0 1.5332517897724807 0.22561347922617903 0.0
1029 0.0 0.0 0.0 0.0 3.120548893596368 1.1835623254675243 0.0
1030 2.2130160126816483 0.0 0.12536438307845754 0.0 0.0 0.0 0.0
1031 0.0 0.7808728441212774 0.0 0.0 3.760020663930265 0.7549722106397472 1.3871226565420942
1032 0.0 1.0387699915035167 0.0 0.0 3.1424604204971396 0.0 1.4615975863533606
1033 0.0 0.0 0.0 0.3176208320489675 0.26396540848176064 0.0 0.0
1035 0.0 0.0 0.0 0.0 1.1438501034209625 0.0 0.0
1036 0.0 0.8059654554432658 0.0 0.0 3.140557135504165 0.002191321935996979 1.202862827600294
1037 2.5425126557510893 0.0 0.0 0.0 0.0 0.0 0.0
1038 0.0 0.0 0.0 0.0 2.5045200699808863 2.4030514404088033 0.2694504605099946
1039 0.0 0.3471962385753079 0.0 0.0 2.73751431739319 0.0 0.0
1040 0.0 0.24881865329168373 0.0 2.074914087144778 0.8344822640687286 0.6045684750432094 0.0
1042 0.15903000297612402 0.7799266950710666 0.0 0.4087712140597809 0.0 0.0 0.0
1043 2.832521713565363 0.0 0.8364081236662453 0.0 0.0 0.07593020986490875 0.0
1044 0.0 0.641647070353786 0.0 0.0 3.8411523757750805 0.10227638687812549 0.6397812597985354
1045 0.6032246008285367 0.0 1.8527070329598914 1.0495381756147786 0.0 0.0 0.0
1046 0.0 0.0 1.681951833819114 0.6021355990090322 0.029443071307207212 0.0 1.4086036674072917
1047 0.5402195500653673 0.0 2.6561898641244577 1.5652327541258146 0.0 0.0 0.0
1048 0.0 1.0418159463000478 0.0 0.0 3.109045424094293 0.0 0.0
1050 0.0 0.0 0.0 0.0 1.583792450890564 0.0 0.0
1051 0.0 0.24045674655251098 0.0 0.3176208320489675 0.0 0.0 0.0
1052 0.0 0.0 0.9573119172687479 0.6718524227613856 0.0 0.0 5.764905981290224e-06
1053 0.5291952583783901 0.0 0.0 1.0398430483861376 0.0 0.0 0.0
1054 0.20545464694464904 0.0 1.8260568896082536 1.2905509728467077 0.0 0.4235725711806342 0.09770014502763633
1055 0.9401781501864375 1.342365243655139 1.0436184735374745 0.6095242273622918 0.16788460676095182 0.0 2.0276404981753275
1056 0.963299121711226 0.0 3.2349958372330154 0.0 0.0 0.0 0.0
1058 0.0 0.42505182607023884 0.0 1.1824823352453662 0.0 1.9120626512884846 0.0
1059 0.0 0.7692984808741963 0.0 0.0 0.6726611561667137 0.0 1.8771390385837323
1060 0.0 0.0 0.0 0.1788710007105164 1.8501480387559188 0.31980715151128436 0.0
1061 0.8119529783329222 0.11491026091495946 0.34866275169865407 0.0 0.0 0.8218045528628352 0.0
1062 0.4350815268997451 0.3507227273475228 2.9921598388619204 0.0 0.0 2.251927090646314 2.315633507525707
1063 0.0 0.0 0.8615395755093793 0.0 0.088435078763889 0.0 0.00034861184729521253
1064 0.12221716518783843 0.0 1.2794016441655964 0.0 0.20512369749260848 0.0 0.6018209851989612
1065 0.0 0.0 0.0 0.0 2.5658461046998084 2.175316410580113 2.9465133299553035
1066 0.08201653728229322 0.0 0.0 0.0 0.0 0.0 0.0
1067 0.7364740990302199 0.0 0.8455580253764288 0.5015196647987121 0.0 0.0 0.0
1068 0.0 0.0 0.0 1.3633373838319174 0.0 0.159011101899452 0.0
1070 0.31381602111466 0.30531081220820605 0.0 0.0 0.14108486199231976 1.3865974063649054 1.4670666620067698
1071 0.1705853723211469 0.12224667113963211 3.4558445269618385 0.33589919762997766 0.0 0.0 0.8460446444052032
1072 0.0 0.15786467776080937 0.0 1.3578892745871989 1.1426635448453688 0.016859972934374755 0.0
1073 0.0 0.0 0.0 0.0 0.5259435565216115 0.339588444011157 0.0
1074 0.4925607612347449 0.0 0.0 1.0113267252307137 0.0 0.7444595238821501 0.0
1075 0.0 0.422071215213489 0.0 0.0 0.9572156770642545 0.1128613260415908 3.4647389999558396
1076 0.0 0.0 0.0 0.0 1.573060059645949 0.12605424726631667 0.0
1077 0.0 0.0 0.0 0.3176208320489675 0.0 0.0 0.12550675472439476
1078 0.0 0.0 0.0 3.388225582406561 0.0 0.3676840914499055 0.5512644483852072
1079 0.0 0.0 0.0 0.0 3.7871167904177705 0.44478843664674117 0.0
1081 0.0 0.0 0.0 1.9749078629200167 0.6475131260460258 0.5950867571983671 0.6160615715164811
1082 1.1636082482740648 0.0 2.1947749402573313 0.0 0.0 0.0 0.0
1083 0.0 0.8415986129337883 0.0 0.0 0.0 0.0 0.0
1084 0.8506904929277836 0.0 1.432725245962338 0.0 0.0 0.0 0.0
1085 2.125458548635717 0.0 1.2078287009191402 1.0155541346110746 0.0 0.0 0.3624204553353252
1086 0.0 0.0 0.4559823015963504 0.6827744344128108 0.0 0.0 0.0
1087 1.8043638202104506 0.0 0.0 0.0 0.0 0.0 0.0
1088 0.0 0.0 0.0 0.5306181771395944 0.2544957767271781 0.3108079947114688 0.0
1089 0.0 0.0 0.0 0.0 2.2877002068419254 0.0 0.0
1090 0.0 0.0 0.0 0.0 0.9678731644331224 0.0 0.0
1091 0.0 0.0 0.0 1.1634856217273675 0.8867566242810123 0.7900909911912626 0.321706067914342
1092 0.0 0.0 0.0 0.3176208320489675 0.0 0.0 0.0
1093 0.0 0.13436854748207033 0.0 0.2194922425020303 2.1140012464698326 1.8509037988217223 0.0
1094 0.0 0.0 0.0 0.15881041602448379 0.0 0.0 0.0
1095 0.8202776209624401 0.467442697748404 0.6188396868021748 0.0 0.0 1.8158181959865554 0.49275711523786614
1096 0.0 0.11606167362805997 0.0 0.0 2.210456326989738 0.0 0.2400370566550179
1097 0.08201653728229322 0.0 0.0 0.0 0.08798846949392021 0.0 0.0
1098 1.435830878558984 0.0 1.4480632535050943 1.3881775895042 0.0 0.0 0.0
1099 0.0 0.8452298965101567 0.0 0.0 2.7249850195260485 0.0 0.0
1100 0.0 0.0 0.24643063864556197 0.0 0.0 0.0 0.0
1101 0.0 0.0818857697467731 0.0 1.5221321613743997 0.6857341331163783 0.27676487203842637 0.9384722509468797
1102 0.0 0.5213105023672576 3.5299526795536327 0.0 0.0 0.0 0.001926116834223362
1103 0.0 0.8901832510610493 0.0 0.0 0.14911017599614296 1.0889667399045688 1.155746640594313
1104 0.0 0.0 0.0 0.0 2.375688676335846 0.0 0.0
1105 0.0 0.0 0.36440716705475334 0.0 1.8175726537854697 0.0 0.1738991493169264
1106 0.2330485340423285 0.0 0.0 0.34022554066974364 0.0014236591552956362 0.0 0.0
1107 3.0075935114035444 0.0 0.0 0.052316257319833456 0.0 0.0 0.0
1108 0.19139643455444721 0.0 0.0 1.2174990554160965 0.0 0.0 0.0
1109 0.0 0.3002969830949748 0.0 0.0 1.7396333040971674 0.6438940334284442 0.0
1110 0.09378005386091634 0.0 0.0 0.2948428774599804 0.0 0.0 0.0
1111 3.146304221030783 0.0 0.0 0.07006884495377394 0.0 0.5838803750433538 0.0
1112 0.0 0.17608449078038638 0.0 0.4764868391747384 0.6024242045095793 1.6656994948873765 0.48476937195766134
1113 0.0 0.0 0.0 0.0 0.0 3.915269094369808 1.5250629682277013
1114 0.025220285958087174 0.5287545458318046 0.21440633764188566 0.0 0.0 0.2869971604980788 0.0
1115 0.0 0.0 0.0 0.0 0.0 0.11235031995463517 0.0
1116 0.0 0.5570967034260121 0.0 0.0 0.6481534951673874 0.0 0.0
1117 0.14549603220621216 0.0 0.0 0.27153014923179886 0.1464362384983078 0.1525602529331463 0.3130234390192431
1118 0.0 0.0 0.0 0.0 2.1997117373480055 0.0 0.0
1119 0.0 0.9900688374806883 0.0 0.0 2.909612632965898 0.3030071837037593 0.0
1120 0.0 0.33617321309984954 0.0 0.6158610888388627 2.4088805415841943 1.4547888008060403 0.0
1121 0.0 0.0 0.0 1.746914576269321 0.0 0.0 0.0
1122 0.042069999107888625 0.0 0.0 0.4771254888575087 0.48241290098929895 0.0 0.0
1123 0.0 0.0 0.9857225545822478 0.0 0.0 0.0 0.0
1124 0.0 0.9034675837275038 0.0 0.0 1.9784563345420225 0.0 0.0
1125 0.0 0.0 0.0 0.0 2.2521144846866363 1.6183430157203835 0.0
1126 0.0 0.0 0.0 0.15881041602448376 0.0 0.0 0.0
1127 0.0 0.0 0.0 0.0 0.2657504522123204 0.784172961097253 0.0
1128 0.0 0.0 0.0 1.42720769638585 0.0 1.5272050442801615 2.3118210992588293
1129 0.0 0.0 0.0 0.0 1.6717809203844842 0.0 0.0
1130 1.2778657769453576 0.0 1.1606160070993168 0.0 0.0 0.0 0.0
1131 0.0 0.38434381065897005 0.0 0.43008313012916116 0.44830691143705764 0.0 0.0
1132 0.0 0.03863663045567933 0.0 0.0 2.347412672198403 0.0 0.0
1133 0.0 0.0 1.7250144705189339 0.0 0.17597693898784042 0.0 0.0
1134 0.0 0.0 0.0 0.34513463990521204 1.414197631151719 1.611726861216638 1.306358321991972
1136 0.0 0.7773796208515213 0.0 0.40248533171801104 0.9753024923188518 0.0 0.616907158927265
1137 0.4471414881862496 0.0 2.4077221569015506 1.2716561420098313 0.0 0.0 0.0
1138 0.0 0.6124642835279661 0.0 0.0 2.191425489031065 0.0 0.0
1139 0.0 0.0 0.0 0.4764312480734513 0.0 0.0 0.0
1140 0.0 0.14969741094444192 0.0 0.10002011612184994 2.707281095315804 0.37710310800862046 0.0
1141 0.0 0.0 0.0 0.0 0.6159192864574414 0.0 0.0
1142 0.0 0.0 0.0 0.0 0.26396540848176064 0.0 0.0
1143 0.0 0.0 0.0 0.0 1.5837924508905639 0.0 0.0
1144 0.0 0.0 0.0 0.0 2.023734798360165 0.0 0.0
1145 0.0 0.0 0.0 0.0 3.4315503102628875 0.0 0.0
1146 0.0 1.0978091652768047 0.0 0.0 2.9942581013993985 0.8008555787631115 1.8462857213044273
1147 0.5625064562987269 0.9815833304573233 0.15679118961175792 0.0 0.0 1.0903292208701996 0.0
1148 2.1324299693396234 0.0 0.0 0.0 0.0 0.0 0.0
1149 0.0 0.0 0.0 0.1780888815109434 2.189030557140761 0.0 0.0
1150 0.0 0.0 0.0 1.27048332819587 0.0 0.0 0.0
1152 0.0 0.03264932417437946 0.0 0.0 3.8141118802865748 1.390961994684296 0.0
1153 0.0 0.0 0.0 0.0 0.08798846949392021 0.0 0.0
1154 0.0 0.6093016807854358 0.0 0.0 1.3138553274033393 0.0 0.0
1155 0.16403307456458643 0.0 0.0 0.0 0.43994234746960104 0.0 0.0
1156 0.0 0.26827966848444884 0.0 0.5978362488125323 1.398252320596946 1.473227795043362 0.0
1157 0.0 0.0 0.0 0.3176208320489675 0.0 0.0 0.0
