# Max Likelihood=  -1133.4160899539704  N_real= 1
a= 0
0.0 0.22987882268574983 0.0 0.0 0.0 0.00479837742424562 0.0 0.3165553092785691 0.0 0.0 0.0 0.0 0.0
0.0 0.6357473668624462 0.0 0.0 0.0 0.0 0.0 0.0 0.0 0.0 0.0 0.0 0.0
0.0 0.0 0.0 0.0 0.0 0.33433738730960777 0.0 0.5262352981085633 0.0 0.0 0.0 0.0 0.0
0.0 0.01109031415982269 0.0 0.3295648245828254 0.0 0.078347556304949 0.0 0.007961491402470454 0.2307496738520677 0.0 0.0 0.0 0.0
0.0 0.0 0.0 0.2148315953326581 0.0 0.10258478931681464 0.12652980013799817 0.05284885107865731 0.1649928506839388 0.0 0.0 0.0 0.0
0.0 0.0 0.0 0.0 0.0 0.5455218557924423 0.0 0.13103618672613673 0.0 0.0 0.0 0.0 0.0
0.0 0.0 0.5950650855080626 0.2565434697421841 0.0 0.0 0.0 0.0019982771665077053 0.0 0.0 0.0 0.0022442216079779915 0.0
0.0 0.1965785343984473 0.0 0.0 0.0 0.0 0.0 0.32593653979730286 0.0 0.0 0.0 0.0 0.0
0.0 0.0 0.0 0.0 0.0 0.0 0.0 0.0 0.6749585113707707 0.0 0.0 0.0 0.0
0.0 0.00029268720554935854 0.0 0.0610178526482537 0.0011891643843750727 0.11669670342922862 0.25595721843377195 0.07035842691828055 0.0 0.7673668724689507 0.029362688648876298 0.0 0.0
2.4477067250759374e-06 0.0 0.5759177682551389 0.0 0.0 0.0 0.0 0.006142037899449822 0.0 0.0 0.0 0.506475392181713 0.0
0.0 0.22456765379763535 0.0 0.2453569012861996 0.0 0.0 0.0 0.28483796299052744 0.0 0.0 0.0 3.0373478051939664e-05 0.0
0.0 0.0 0.0 0.0 0.0 0.06922636190383603 0.17910426504797225 0.06256705817108726 0.0068699343743108 0.0 0.0 0.0 0.5411850072988003

a= 1
0.3888239330067137 0.006208650657185414 0.4192192729413982 0.0 0.0 0.0 0.0 0.20771371925049553 0.0 0.0 0.0 0.0 0.0
0.0 0.7859713815757529 0.0 0.0 0.0 0.0 0.0 0.0 0.0 0.0 0.0 0.0 0.0
0.0 0.04384370380099459 0.0 0.0 0.0 0.0 0.0 0.11763445153123958 0.0 0.0 0.0 0.0 0.0
0.1884071957704795 0.03567124540805915 0.19852249660305266 0.25764336177350433 0.0 0.028582695960130227 0.0 0.0006142114744006793 0.2244234681574168 0.0 0.0 0.06931559582381623 0.0
0.23851362877357182 0.0 0.0 0.13107585885142178 0.0 0.10037064962121921 0.0 0.0 0.1358190733379366 0.1220080443501741 0.4251298337446695 0.08971077239092705 0.0
0.0 0.06995881503894034 0.0 0.0 0.0 0.7976598973279989 0.0 0.0 0.0 0.0 0.0 0.0 0.0
0.0 0.12368246332882729 0.0 0.20754708318994486 0.0 0.0 0.17709253722176163 0.28520872856332075 0.0 0.0 0.1917114712585098 0.0 0.0
0.0 0.12278580296292257 0.0 0.0 0.0 0.24119023449151591 0.0 0.4749803110150018 0.34917666096834704 0.0 0.0 0.0 0.0
0.0 0.3596685607326304 0.0 0.0 0.0 0.0 0.0 0.0 0.7624797335332484 0.0 0.0 0.0 0.0
0.0 0.11261925820004988 0.0 0.09150955430878341 0.0 0.0 0.1567846177532305 0.0010581139747738878 0.0 0.7730943693209633 1.5156716669948174e-05 0.0 0.0
0.0 0.005662725619639689 0.0 2.736310144099514e-05 0.0 0.0 0.0004160972661511885 0.056955467162603336 0.0 0.0 0.46238015591570614 0.0 0.0
0.002512128589306775 0.12244371248102348 0.2991373696835112 0.2080271621961655 0.0 0.0 0.1874281987297472 0.21771582699191552 0.0 0.0 0.005731169963830729 0.35269644253923754 0.0
0.3657749781980011 0.0 0.0 0.0 0.0 0.0 0.0 0.0 0.09507189052245743 0.0 0.6330554910407871 0.0 1.0660886175962312

a= 2
0.4344063388099737 0.0011492402663531246 0.10417619118514199 0.0 0.0 0.0004059587865085826 0.0 0.20710716512316002 6.152215432221349e-07 0.0 0.0 0.0 0.0
0.0 1.0312920115757669 0.0 0.0 0.0 0.0 0.0 0.0 0.0 0.0 0.0 0.0 0.0
0.19500980659366743 8.229772053349597e-05 0.7081097594582876 0.0 0.0 0.2523902420394734 0.0 0.04488665867348144 0.0 0.0 0.0 0.0 0.0
0.18692127320004112 0.007730391454080507 0.23034003287454263 0.27354986216830157 0.0 0.05693440833066855 0.0 0.0 0.2136680473629853 0.0 0.0 0.021073065779711856 0.0
0.0 0.08465401835879516 0.0 0.13207816477975298 0.0 0.0 0.0 0.0 0.09812350917749639 0.0 0.0 0.0 0.0
0.0 0.02383950771695394 0.0 0.0 0.0 0.551267914095435 0.0 0.0 0.0 0.0 0.0 0.0 0.0
0.0639022049457845 0.13269497076072043 0.002155329375178623 0.22369850865990423 0.0 0.05797719390481165 0.13946979392209305 0.15804566881928991 0.0 0.0 0.19367830001487588 0.07354640171232096 0.0
0.0 0.06301698702492084 0.0 0.0 0.0 0.23929218011664877 0.0 0.45519507135189674 0.41484204695390053 0.0 0.0 0.0 0.0
0.0 0.4259547144684583 0.0 0.0 0.0 0.0 0.0 0.0 0.9460383404480336 0.0 0.0 0.0 0.0
0.004737104069565626 0.03989863395204365 0.10295795099289835 1.0839145607127552e-05 0.0 0.03116766033529552 0.18189238862949086 0.04191032492176001 0.0 0.7613940750362399 0.26505078343264543 0.08702420013051856 0.0
1.455209752476084e-06 0.21636920461150883 0.0 0.04892433734079668 0.0 4.152118996265427e-05 1.5934163127336036e-07 3.012947485992501e-05 0.0 0.0 0.0006215350780900069 0.0 0.0
0.22757898298850016 0.041705865339261045 0.001706648837064946 0.10670383849105575 0.0 0.1799162444783431 0.2600237260542409 0.17453842487584678 0.25805655612003814 0.0 0.08065122875753042 0.4342982097017565 0.0
0.0 0.09761154758526572 0.0 0.18992305436966536 0.0 0.07935581486522082 0.0 0.0 0.18643648974429358 0.0 0.09190521901313728 0.0 0.7582026683873127

a= 3
0.5658241312566237 0.00013003629840522817 0.1161275656621178 0.0 0.0 0.012208894041383882 0.0 0.1747374689131098 0.0 0.0 0.0 0.0 0.0
0.0 1.026730853006581 0.0 0.0 0.0 0.0 0.0 0.0 0.0 0.0 0.0 0.0 0.0
0.0 6.959651977459368e-05 0.26835936264597704 0.0 0.0 0.3188385611634521 0.0 0.0 0.734316481326566 0.0 0.0 0.0 0.0
0.0 0.013984717431874958 0.0 0.2875889581519979 0.0 0.07324725400348152 0.0 0.08702867411258838 0.24961379955708565 0.0 0.0 0.0 0.0
0.0 0.1281851621891319 0.0 0.2336827892625159 0.0 0.09619659145132328 0.15297378077637036 0.0 0.11726731306271755 0.11652630430754217 0.0 0.0 0.0
0.0 0.03318511138065804 0.0 0.0 0.0 0.5667050747517671 0.0 0.0 0.0 0.0 0.0 0.0 0.0
0.0 0.16324012494946116 6.879630093769498e-05 0.0 0.0 0.034872549910205136 0.21579235475652656 0.0 0.0 0.0 0.11351472677878438 0.5914612165243436 0.0
0.0 0.07994272143066045 0.0 0.0 0.0 0.0 0.0 0.6088272157111858 0.0 0.0 0.0 0.0 0.0
0.0 0.4457913050833603 0.0 0.0 0.0 0.0 0.0 0.0 0.7274876368801012 0.0 0.0 0.0 0.0
0.0 0.014511083066336037 0.1296923720522447 0.0 0.0 0.003476371711870938 0.012491957260873087 0.0 0.0 0.6829340446895787 0.1770418534368053 0.072874281180287 0.0
0.0 0.2624690564830384 5.502159268819244e-07 0.000486116050685462 0.0 0.013379741955665901 0.256800109128172 8.565983137788025e-05 0.0 0.0 0.24270021636546998 6.846694940049826e-07 0.0
0.023010683509029958 1.0749881069980105e-05 0.0008813975820333481 0.02612240152916623 0.0 0.17450916279974799 0.0867595880179645 0.37412072491034937 0.0 0.0 0.009198331448304923 0.7305126150258038 0.0
0.0 0.14260251130262908 0.0 0.16322000687334023 0.0 0.07351931639756372 0.20018017469130397 0.13197507769954386 0.09956249188827287 0.18395207016684298 0.15781427628975797 0.0 1.0174765934002465

a= 4
0.5710215980957817 0.004505140949378392 0.04661080730155292 0.0 0.0 0.0011888922797396954 0.0 0.07820924746893411 0.14274861747648054 0.0 0.0 0.0 0.0
0.0 1.034060194344359 0.0 0.0 0.0 0.0 0.0 0.0 0.0 0.0 0.0 0.0 0.0
0.1996824271479491 0.0015504840657556435 0.1738418911829836 0.0 0.0 0.265319731079261 0.0 0.01798595304765946 0.4262835858364387 0.0 0.0 0.0 0.0
0.18553158965853517 0.008459995443951174 0.17887442023301642 0.2459033346593776 0.0 0.05750770465666042 0.0 1.8454341294143493e-05 0.25022424056727643 0.0 0.0 0.09910833536180357 0.0
0.24090148138448308 0.0996918459162496 0.068977546702828 0.011605834545377244 0.7580816635230082 0.05203300395642815 0.12135228031101314 0.008655889060350936 0.18725477740811897 0.1975964268483871 0.022206340838690955 0.0008669873999521049 0.0
0.0 0.022256549500275523 0.0 0.0 0.0 0.5454388337980204 0.0 0.0 6.116315501632338e-05 0.0 0.0 0.0 0.0
0.2738603423176552 0.15974240451879007 0.017770666374996344 0.2187187820386448 0.0 0.051653317651350276 0.20058927021027778 0.03746397073946367 0.12583556462361192 0.0 0.1320853100433806 0.11404907619908916 0.0
0.0 0.08042612201807527 0.0 0.0 0.0 0.24205468034949384 0.0 0.601402333377974 0.0 0.0 0.0 0.0 0.0
0.0 0.43223501233288286 0.0 0.0 0.0 0.0 0.0 0.0 0.8932433883199685 0.0 0.0 0.0 0.0
0.0 0.034238908305386215 0.0 0.0001333951731998889 0.0 0.03125534863766193 0.08292851682956309 1.5348004076539385e-05 0.0013338235772559302 0.6279577006488709 0.06480802547008746 0.0 0.0
0.15607218824854258 0.269310782990004 0.03401563734045825 0.15886013887630354 0.0 0.0030726641192488145 0.19928577414784646 0.04090857784256764 0.4292179236501584 0.0 0.19373665803171483 0.07945746441324973 0.0
0.2013886550462723 0.0004884361438029859 0.0016235826038005162 0.11425191485920669 0.0 0.17841962320989596 0.12828137306512236 0.054351071608605916 0.07465453881791709 0.0 0.001482471007256451 0.2160545292793968 0.0
0.04850224108080892 0.12320654320635212 0.26273982294423914 0.06676164287865935 0.14601521331289732 0.06465891290049632 0.15289796751098764 0.11029542292517586 0.07073608875201118 0.32030515019809463 0.20297629657488084 0.1892466810027151 1.0146039262974647

a= 5
0.0 0.0 0.0 0.0 0.0 0.17590053582812232 0.0 0.40553524875512414 0.0 0.0 0.0 0.0 0.0
0.0 1.025391772004894 0.0 0.0 0.0 0.0 0.0 0.0 0.0 0.0 0.0 0.0 0.0
0.0 0.0 0.0 0.0 0.0 0.0 0.0 0.0 0.8085588984727591 0.0 0.0 0.0 0.0
0.0 0.018025207310035294 0.0 0.28757201243345165 0.0 0.08489687677024468 0.0 0.08690798584506403 0.24847639469790034 0.0 0.0 0.0 0.0
0.23930514844269443 0.10153266965627206 0.056357846703806315 0.0018665115647151028 0.7609469012231432 0.051887455422250914 0.12413730342164854 0.016052076360741983 0.1873097473478396 0.19776491335070756 0.013809072306867834 0.018644074473642663 0.0
0.0 0.0 0.0 0.0 0.0 0.46504047285984174 0.0 0.0 0.0 0.0 0.0 0.0 0.0
0.0 0.0 0.28930403818454914 0.0 0.0 0.0 0.21617151866556922 0.0 0.0 0.0 0.0 0.4618253121904978 0.0
0.0 0.07979417493039653 0.0 0.0 0.0 0.0 0.0 0.6109558096353087 0.0 0.0 0.0 0.0 0.0
0.0 0.43878897538012107 0.0 0.0 0.0 0.0 0.0 0.0 0.8821310536399699 0.0 0.0 0.0 0.0
0.0 0.0 0.0 0.15062750344574105 0.0 0.0 0.325437144324754 1.113027393913395e-07 0.0 0.5792054821300815 0.0 0.0 0.0
0.0024957145711513944 0.0 0.9068447484461031 0.0 0.0 0.0 0.0 0.0 0.0 0.0 0.0 0.0 0.0
0.000876929591139924 0.13757339400822738 0.0 0.0 0.0 0.0 0.0 0.3494990461567779 0.0 0.0 0.0 0.0 0.0
0.0 0.19394403561278806 0.0 0.23262172726981256 0.0 0.11652647756071755 0.22520247114733677 0.0 0.01749259914029184 0.14465692717199052 0.0 0.0 0.9200585807759466

a= 6
0.726006197276739 0.0 0.15777208045627814 0.0 0.0 0.0 0.0 0.0005652755604799064 0.42565117782877054 0.0 0.0 0.0 0.0
0.0 1.0800011470088184 0.0 0.0 0.0 0.0 0.0 0.0 0.0 0.0 0.0 0.0 0.0
0.0 0.0 0.0 0.0 0.0 0.0 0.0 0.07285368714079446 0.0 0.0 0.0 0.0 0.0
0.0 0.011923495872798595 0.0 0.28761934854692434 0.0 0.043489097159796965 0.0 0.08668942039312226 0.24901303850315437 0.0 0.0 0.0 0.0
0.0 0.10720814221625867 0.0 0.11826033297781824 0.5397088057291666 0.0657439144791724 0.14256008593392192 0.08995331096111726 0.17522033856675645 0.0 4.9840755251397625e-06 0.0 0.0
0.0 0.0 0.0 0.0 0.0 0.825282838596892 0.0 0.0 0.0 0.0 0.0 0.0 0.0
0.0 0.0 0.0 0.1972577443402086 0.0 0.0 0.2691163279966317 0.3825664597667034 0.0 0.0 0.0 0.0 0.0
0.0 0.06961696855376281 0.0 0.0 0.0 0.0 0.0 0.6123008050212913 0.0 0.0 0.0 0.0 0.0
0.0 0.3531308839131549 0.0 0.0 0.0 0.0 0.0 0.0 0.8073916822656912 0.0 0.0 0.0 0.0
0.0 0.0 0.0 0.0 0.0 0.0 0.15965642037599392 0.005997661392509905 0.06678985376192809 0.760660845979099 0.0 0.0 0.0
0.0 0.0 0.0 0.07166630893054063 0.0 0.0 0.18101546886864753 0.08686926481620871 0.0 0.0 0.0 0.0 0.0
0.0007912831990599318 0.1458736989126598 0.12649042508910746 0.0007511342549123651 0.0 0.0 0.16858151467015162 0.3356054493929451 0.0 0.0 0.014368647497027603 0.644665793620811 0.0
0.0 0.0 0.0 0.3249941807164847 2.628254216546984e-06 0.0 0.0 0.0 0.13428545374314213 0.0 0.6376446268044107 0.0 0.4505417785283125

a= 7
0.3860744534101797 0.000725208527030865 0.35898943452221194 0.0 0.0 0.11223186891504208 0.0 0.29073761865619363 0.04283628464926516 0.0 0.0 0.0 0.0
0.0 0.7511309097067324 0.0 0.0 0.0 0.0 0.0 0.0 0.0 0.0 0.0 0.0 0.0
0.0 0.11218621670152708 0.00023008779679367124 0.0 0.0 0.0 0.0 0.0 0.0 0.0 0.0 0.0 0.0
0.009721237087297387 0.04261473052712173 0.33675694744800144 0.22173760158993805 0.0 0.08002017313749307 0.0 0.13569559660806682 0.0 0.0 0.0 0.15160014219079837 0.0
0.056073776891061994 0.09716857763532302 0.04745150941395821 0.025115163839656427 0.0 0.10127954607148416 0.12252556815078801 0.18830271503517335 0.0 0.12366833648110993 0.09646648672276766 0.2902394476393527 0.0
0.0 3.134236462831561e-07 0.0 0.0 0.0 0.5139041854288824 0.0 0.0 0.0 0.0 0.0 0.0 0.0
0.0 0.1627294947394632 0.0 0.0 0.0 0.0 0.25493877719705743 0.0 0.0 0.0 0.0 0.7076615061336764 0.0
0.0 0.14137950325990603 0.0 0.0 0.0 0.0 0.0 0.60701539101705 0.0 0.0 0.0 0.0 0.0
0.0 0.475873326350326 0.0 0.0 0.0 0.0 0.0 0.0 0.7873835464833873 0.0 0.0 0.0 0.0
0.0 0.10396470248640516 2.080327497185447e-06 0.0 0.0 0.0 0.1480574241426363 0.0 0.0 0.7106222171682196 0.0 0.0 0.0
0.0 0.20483880009295383 0.00011646280555930662 4.975299827323949e-07 0.0 0.0 0.15679443877331206 0.0 0.0 0.0 1.911260317207423e-05 0.27218753668949863 0.0
0.011422764368259324 0.0486977877118068 0.007922214779241495 0.02017647052494434 0.0 0.18142892091209104 0.16072754698039998 0.40294198502226086 0.0 0.0 0.09031657949998567 0.5329480462848681 0.0
0.20303923653624867 0.0 0.0 0.0026341139402485877 1.2337716196480593 0.015013623280396805 0.0 1.524339708070542e-05 0.0 0.0 0.5671338925379387 0.3055466814986567 0.6523561297830835

a= 8
0.4917606648006311 0.038880370380741915 0.00016847044222551239 0.0 0.0 0.09018615409086783 0.0 0.2024445309399717 0.06906031237598409 0.0 0.0 0.0 0.0
0.0 0.7523743563977319 0.0 0.0 0.0 0.0 0.0 0.0 0.0 0.0 0.0 0.0 0.0
0.0 0.0001839466090189193 0.7996016165860563 0.0 0.0 0.0 0.0 0.0 3.4609822276288627e-06 0.0 0.0 0.0 0.0
0.1840194309763446 0.04612057879661772 0.1888722103721893 0.25052655760959197 0.0 0.061924462372473205 0.0 2.4378770546392673e-05 0.24816671025842457 0.0 0.0 0.08586684948750954 0.0
0.2025220935948589 0.09821549223924467 0.0902598272391281 0.02092989149140951 1.0802505059880658 0.03102336041189125 0.13029936788163057 0.0007408133935009135 0.18460607867793632 0.0 0.0003800694058428265 0.024625768047700277 0.0
0.0 0.0015714221365943192 0.0 0.0 0.0 0.5053613932644742 0.0 0.0 0.0 0.0 0.0 0.0 0.0
0.0 0.19106259020722582 0.3788461055087141 0.0 0.0 0.0 0.0 0.0 0.0 0.0 0.0 0.0 0.0
0.0 0.14348681526486723 0.0 0.0 0.0 0.24316267795789218 0.0 0.5973970024643548 0.0 0.0 0.0 0.0 0.0
0.0 0.46050512549421674 0.0 0.0 0.0 0.0 0.0 0.0 0.9469616884593677 0.0 0.0 0.0 0.0
0.0 0.020237688992937777 2.4302620545601764e-06 0.0 0.0 0.0 0.0 2.8524820914213113e-07 0.0 0.6075905605239637 0.11749390021845606 0.0 0.0
0.0 0.18588056867054423 0.569365058234985 0.0 0.0 0.0 0.0 0.06586567399390957 0.0 0.0 0.5071205585121117 0.0 0.0
0.06386637152585449 0.007280218791316582 0.0011436644248304067 0.2834287598672868 0.0 0.18496330902528932 0.22408555872585145 0.14113208491998303 0.0 0.0 0.0047066744723895815 0.1868683137222961 0.0
0.000941924448625796 0.1323456663591667 0.2197119701036423 0.13102912918693416 1.096498062889562e-07 0.09685086036722167 0.17763183548145312 0.09488460556049605 0.12102557895736321 0.0 0.19549678228224257 0.3124309784067869 1.0553569106298624

a= 9
0.643321432821119 0.029185269659374187 0.13327093152950276 0.0 0.0 9.724691803925103e-05 0.0 0.01242729010219461 0.2131785682832711 0.0 0.0 0.0 0.0
0.0 0.7520282478996523 0.0 0.0 0.0 0.0 0.0 0.0 0.0 0.0 0.0 0.0 0.0
0.0 0.030399186895400207 0.0 0.0 0.0 0.27144293533349184 0.0 0.18150019562975997 0.211673622441871 0.0 0.0 0.0 0.0
0.18493162935112548 0.04381072601678286 0.1824168177722549 0.24754133767864162 0.0 0.05761808302886313 0.0 7.264754468530928e-07 0.2495414987251156 0.0 0.0 0.09440245119937561 0.0
0.2549379991784445 0.0 0.0 0.011505601593753294 0.7531332899840361 0.05142751036775144 0.0 0.0 0.13438073673804676 0.1945222223678941 0.35173654794189596 0.06768243359668653 0.0
0.0 0.024457489312288607 0.0 0.0 0.0 0.5443714132789933 0.0 0.0 4.02997470954625e-05 0.0 0.0 0.0 0.0
0.0 0.18903841645974997 0.0 0.31848781954518185 0.0 0.04789914161546766 0.0 0.10855541763859268 0.21630901852263312 0.0 0.0 0.0 0.0
0.0 0.14319217868541306 0.0 0.0 0.0 0.2419884329427494 0.0 0.6013037430492095 0.0 0.0 0.0 0.0 0.0
0.0 0.45935035456393175 0.0 0.0 0.0 0.0 0.0 0.0 0.8950178459440015 0.0 0.0 0.0 0.0
0.0 0.04528366042530145 0.0 0.0028674072799949584 0.0 0.031161638222574204 0.10179644336483534 1.6318818526397095e-05 0.0044260611094630205 0.5333637141027573 0.0016593533889946227 0.0 0.0
0.0 0.25633926282691194 0.0 0.31008643032459726 0.0 0.007667768321436418 0.010293458638233156 0.08148917988092057 0.3431376748777167 0.0 0.0715669092670282 0.0 0.0
0.310414924642541 0.002892770531252391 0.01927097005206512 0.01659183282178855 0.0 0.17525569889035572 0.25748727145822853 0.025289735570833936 0.12126438416209698 0.0 0.13761905119475068 0.2583521195595864 0.0
6.217008837675148e-05 0.1210893170272127 0.3492093502047634 0.08684338219276594 0.9944705418844023 0.010053296768854126 0.15036242965385743 0.05589845567577464 0.0937052668149013 0.04694564566095687 0.1235595647846662 0.12577904550966512 0.8766311878133979

a= 10
0.6965969551093576 0.04847042893896443 0.00015892586735691324 0.0 0.0 6.615842117267134e-05 0.0 0.11104704821997649 0.17758505244633216 0.0 0.0 0.0 0.0
0.0 0.7712884473986795 0.0 0.0 0.0 0.0 0.0 0.0 0.0 0.0 0.0 0.0 0.0
0.0 0.004416892151752283 0.4354605945325336 0.0 0.0 0.2738495310820939 0.0 0.0 0.51047077966288 0.0 0.0 0.0 0.0
0.0 0.04730993002228374 0.0 0.28748479550963324 0.0 0.056217093395665295 0.0 0.1114592920008137 0.24989754268242276 0.0 0.0 0.0 0.0
0.23930794246872614 0.101161066141251 0.054880989202046315 0.0007397038869590819 0.7609284846147761 0.05185321250304162 0.12356208906202641 0.0165246157923504 0.1871645368859381 0.19786360999248645 0.015969244124743914 0.02121683286110627 0.0
0.0 0.0 0.0 0.0 0.0 0.5460870230483682 0.0 0.0 0.0 0.0 0.0 0.0 0.0
0.0 0.15702078602669223 7.155181111073913e-05 0.0 0.0 0.046546721274597254 0.19738605974116372 0.0 0.0 0.0 0.16973263742217862 0.5599148139706913 0.0
0.0 0.1802286460742093 0.0 0.0 0.0 0.25407740964515135 0.0 0.29217696809024757 0.0 0.0 0.0 0.0 0.0
0.0 0.39015559581391834 0.0 0.0 0.0 0.0 0.0 0.0 0.669345202580375 0.0 0.0 0.0 0.0
0.0 0.006427120101209319 0.0031222646255318572 0.0 0.0 0.03588125093457228 0.05292532039935288 0.0 0.2776328772702901 0.6795753093234106 0.0825211371557368 0.09804138492998508 0.0
0.0 0.2736763142312633 4.571471467108153e-06 6.917369246848202e-05 0.0 0.0015481680738876331 0.2766303132103907 0.0 0.0 0.0 0.05867819747023841 0.0006151976783015103 0.0
0.06158543099447581 0.00024055966928553728 0.011754653158445474 0.036336928068773824 0.0 0.1794740899734845 0.07801155211173885 0.35624072583066174 0.0 0.0 0.10625968020096248 0.6781514551236811 0.0
0.0 0.20019216191712824 0.0 0.20165203964739375 0.0 0.06661361740920765 0.2504840850114562 0.0 0.0 0.17780865725496567 0.0 0.0 1.0898413666649303

a= 11
0.0 0.0 0.0 0.0 0.0 0.10852495955121333 0.0 0.4105123853149194 0.3918302239913009 0.0 0.0 0.0 0.0
0.0 0.9970955087679249 0.0 0.0 0.0 0.0 0.0 0.0 0.0 0.0 0.0 0.0 0.0
0.0 0.0 0.0 0.0 0.0 0.0 0.0 0.0 0.0 0.0 0.0 0.0 0.0
0.18840370320568514 0.023333232489048623 0.19349001874186014 0.2550612430469607 0.0 0.07993071430666304 0.0 0.0013074821654310551 0.25055223723188547 0.0 0.0 0.07589305492523157 0.0
0.20262178482257137 0.09862805408201698 0.08243185345035461 0.016460063092329558 1.0807462320385481 0.031015646514734388 0.13059956575185683 0.0020647379774911415 0.1853721361479174 0.0 9.339234440350115e-05 0.03628353963349602 0.0
0.0 0.0 0.0 0.0 0.0 0.5110246421581708 0.0 0.0 9.54626019836671e-06 0.0 0.0 0.0 0.0
0.0 0.0 0.0 0.0 0.0 0.0 0.0 0.0 0.0 0.07863561582929833 0.0 0.7202963208137756 0.0
0.0 0.0 0.0 0.0 0.0 0.0 0.0 0.4865263719749043 0.0 0.0 0.0 0.0 0.0
0.0 0.44550550003726747 0.0 0.0 0.0 0.0 0.0 0.0 0.8624029364403865 0.0 0.0 0.0 0.0
0.0 0.0 0.0 0.0 0.0 0.0 0.08709924101392988 0.0 0.0 0.4895076776847927 0.0 0.0 0.0
0.0 0.0 0.13547591428852698 0.0 0.0 0.0 0.031833988972439026 0.0 0.0 0.0 0.0 1.1332528352472244 0.0
0.0 0.0 2.1060136754689987e-07 0.0 0.0 0.180846995977672 0.3374218858285634 0.4204262838996847 0.0 0.0 0.0 0.0 0.0
0.0 0.16915202002852786 0.0 0.09595178852681623 1.2416639888159278 0.015105249169065724 0.19549742719403754 0.09226617990752398 0.15143239932163657 0.0 0.0006936893169091972 0.0 0.8117112302928389

