# Max Likelihood=  -63687.30706099175  N_real= 1
a= 0
0.37083849219225484 0.0 0.0 0.0 0.0 0.0 0.0
0.0 0.0 0.0 0.0 0.0 0.0 0.17728140818943242
0.0 0.0 1.0729405712625024 0.0 0.0 0.0 0.0
0.0 0.0 0.0 0.0 0.0 0.0 0.0
0.0 0.0 0.0 0.0 0.2961702818734851 0.0 0.0
0.0 0.0 0.0 0.0 0.0 0.5059927586324887 2.0306785944927922e-05
0.0 0.0 0.0 0.0 0.0 0.0 0.14402103101787064

a= 1
0.3141890156033346 0.0 0.0 0.0 0.0 0.2018687982619426 0.0
0.0 0.01860256783979016 0.0 0.0 0.0 0.0 0.00175749616904307
0.0 0.0 0.7654883461114214 0.0 0.0 0.0 0.04715741566185205
0.0 0.0 0.0 0.25051409937656627 0.0 0.0 0.0
0.0 0.0 0.0 0.0 0.6948604126186855 0.06565148236042147 0.0
0.0 0.0 0.0 0.0 0.0 2.3919633310634048 0.0
0.03769767657617794 0.0 0.814771132507419 0.0 0.0 0.0 0.4152561161849339

a= 2
1.2156689182163625 0.0 0.19032920136332648 0.596383087962759 0.0 0.17629933849682097 0.0
0.0 0.0 0.0 0.0 0.317733280533759 0.0 0.41745187334925077
0.34697104980093507 0.0 0.3880712771918962 0.09496403023676486 0.0 0.0 0.0
0.0 0.0 0.0 1.4945312669533408 0.0 0.0 0.0
0.0 0.0 0.0 0.0 0.16410682525776654 0.0 0.0
0.0 0.0 0.0 0.0023820693750501473 0.0 0.6661211323509169 0.46570574376112495
0.0 0.0 0.0 0.3282137897149029 0.0 0.00029646635163152647 0.7504014677555578

a= 3
0.8333102577032532 0.0 0.0006164754909806868 0.0 0.0 0.0 0.0
0.0 2.017308575461161 0.0 0.0 0.0 0.0 0.0
0.0 0.0 0.4383883156713865 0.0 0.0 0.0 0.0
0.0 0.0 0.0 0.766446114748189 0.0 0.0 0.0
0.0 0.012698934379762425 0.0 0.0 0.9711571730900287 0.0 0.0
0.0 0.23925565283292316 0.0 0.0 0.0 0.14035561239691768 0.0
0.0 0.14230326285866104 0.0 0.0 0.0 0.0 0.0696912818162592

a= 4
1.1619495065894132 0.0 0.08367853018453017 0.0 0.0 0.0 0.0
0.0 2.7875619286346613 0.0 0.0 0.0 0.0 0.0
0.3069140236401497 0.37966088898715056 0.5338525168273223 0.0 0.0 0.0 1.9499090171134852e-05
0.0 0.0 0.0 1.4698084641975397 0.0 0.0 0.0
0.0 0.0341575920871572 0.0 0.0 1.2898970694203136 0.0 0.0
0.0 0.0 0.0 0.0 0.0 0.7548987498660998 0.0
0.0 0.8289107546674572 0.0 0.0 0.0 0.0 0.15019522779492098

a= 5
0.6572803077246259 0.0 0.0 0.0 0.0 0.0 0.0
0.0 0.022792923531605787 0.0 0.0 3.384403332112597e-06 0.0 0.0
0.0 0.0 0.1895736999173765 0.0 0.0 0.0 0.0
0.0 0.02378080616478608 0.0 0.4020089612897751 0.0 0.0 0.0
0.0 0.0 0.0 0.1569586060663972 0.9228789456702509 0.0 0.11736490934325994
0.0 0.0 0.0 0.0 0.0 0.49131053467230185 0.0
0.0 0.06361220722169993 0.0 0.0 0.3747646155454599 0.004530066294828593 0.5113442005454282

a= 6
0.5880717732058549 0.0 0.0 0.0 0.0 0.0 0.0
0.0 0.0 0.0 0.0 0.0 0.0 0.0
0.0 0.0 0.3647463282815816 0.0 0.0 0.0 0.0
0.0 0.0 0.0 0.3020408050619817 0.0 0.0 0.0
0.0 0.0 0.0 0.0 0.23676833099027844 0.0 0.0
0.0 0.0 0.0 0.0 0.0 0.8607224165732796 0.35544424241819284
0.0 0.0 0.14969723875354393 0.0 0.0 0.0 0.4154565033218711

a= 7
0.4725539507652381 0.0 0.0 0.0 0.0 0.0 0.01461481531530593
0.0 0.0 0.0 0.0 0.0 0.0 0.38431212756474237
0.0 0.0 0.17964363943278144 0.0 0.0 0.0 0.0
0.0 0.0 8.947709639321856e-06 0.40285807735543355 0.0 0.0 0.0
0.0 0.0 0.0 0.0 0.05820585856245295 0.007144713204636413 0.0
0.09082246971521354 0.0 0.0 0.0 0.0 1.1326727369860963 0.2931263189759298
0.0 0.0 0.0 0.0 0.0 0.0 0.4057023810390427

a= 8
1.2031052227804102 0.0 0.2420549026295149 0.0 0.0 0.0 0.0
0.0 0.0 0.0 0.0 0.5042238434622759 0.0 0.13454091671486226
0.39553662316616056 0.0 0.8666029710200938 0.0 0.0 0.0 0.0
0.0 0.0 0.0 0.32492130031003746 0.0 0.0 0.0
0.0 0.0 0.0 0.0 1.2273903449924233 0.0 0.0
0.0 0.0 0.0 0.0 0.0 0.633568532040017 0.06434517067102158
0.0 0.0 0.0 0.0 0.0 0.0 0.6356625577043075

a= 9
0.7641340717353668 0.0 0.0 0.0 0.0 0.0 0.0
0.0 0.01142870649300804 0.0 0.0 0.01671232602095374 0.0 1.4431548052212644
0.0 0.0 0.4336038969063161 0.0 0.0 0.0 0.3003165048059465
0.0 0.0 0.0 0.0 0.0 0.0 0.0
0.0 0.0 0.0 0.0 0.6003239308595197 0.0 0.0
0.0 0.0 0.0 0.0 0.0 1.8749079394939168 0.0
0.0 0.0 0.33524656968448746 0.0 0.0 0.0 0.4985296573366689

a= 10
1.4616670859794665 0.0 0.08960623109940606 0.0 0.0 0.0 0.0
0.0 1.2896200610245643 0.0 0.0 0.5023374694050912 0.0 0.0
0.05083118700980849 0.0 0.5941603738644158 0.0 0.0 0.0 0.0
0.6728051008838032 0.0 0.24263764322422487 2.6116394437221047 0.0 0.0 0.0
0.0 0.0 0.0 0.0 0.95815755386679 0.0 0.0
0.0 0.0 0.0 0.0 0.0 6.954270384525564e-07 0.0
0.0 0.0 0.0 0.0 0.0 0.0 0.0

a= 11
0.2710713447403674 0.0 0.0 0.0 0.0 0.0 0.0
0.0 0.46839366503180757 0.0 0.0 0.0955128777223267 0.0 0.28511997280736634
0.0 0.0 0.5703037513915598 0.0 0.0 0.0 0.059146411652609164
0.0 0.0 0.0 0.13981846005178072 0.0 0.0 0.0
0.0 0.0 0.0 0.0 1.291786139030715 0.45165841007986474 0.0
0.0 0.0 0.0 0.0 0.0 1.9613810526762132 0.0
0.0 0.06453763838163139 0.0 0.0 0.0 0.0 0.5565752106441991

