# Max Likelihood=  -65561.31909272182  N_real= 1
0 0.0 0.0 0.0 0.0 0.0 0.0
1 0.0 0.0 0.0 0.0 0.0 0.0
2 0.0 0.0 0.0 0.0 0.0 0.0
3 0.0 0.0 0.0 0.0 0.0 0.0
4 0.0 0.0 0.0 0.0 0.0 0.0
5 0.0 0.0 0.0 0.0 0.0 0.0
6 0.0 0.0 0.0 0.0 0.0 0.0
7 0.0 0.0 0.0 0.0 0.0 0.0
8 0.0 0.0 0.0 0.0 0.0 0.0
9 0.0 0.0 0.0 0.0 0.0 0.0
10 0.0 0.0 0.0 0.0 0.0 0.0
11 0.0 0.0 0.0 0.0 0.0 0.0
12 0.0 0.0 0.0 0.0 0.0 0.0
13 0.0 0.0 0.0 0.0 0.0 0.0
14 0.0 0.0 0.0 0.0 0.0 0.0
15 2.15625153506134 1.8434934965331702 0.0 3.669918123912244 0.0 0.0
16 0.8283749489152116 2.4237411209721715 0.0 0.32373399643642936 0.24481014458308156 1.3317409742425061
17 0.0 0.9298557352272867 1.1267653325063742 0.0 0.7643548044051426 0.6316082827380605
18 0.301153855263954 3.46373146821463 0.0 0.0 0.0 0.0
19 2.2813395108451946 1.1902472153934884 0.25053969018797256 0.0 0.0 0.0
20 0.4755707631575158 1.310068331450927 0.7598870838744891 0.9644107263268505 0.06682500859431204 1.2138686147671205
21 0.08865239791377655 1.9402218137481986 0.5340283155910323 2.0785234426343484 0.0 1.3291513922416978
22 0.8312404708698273 2.1336213739156413 2.228923422268912 0.0 0.0 0.0
23 2.746608563950841 0.0 0.2880968477033859 2.4761767665043766 0.0 0.2561312353016774
24 2.635889842255445 0.0 0.5634565472410111 0.0 0.0 0.0
25 1.8119418439516939 0.1263160641795189 0.0 2.2309691298230026 0.0 0.5440305981672825
26 0.7098086838241731 0.5875671881352929 0.0 0.553797777186517 0.0 0.9039484198189074
27 0.0 1.0527307525151453 0.6418645242004827 1.1769215895441403 1.1917657454651611 0.9919839668787964
28 0.623338809729458 1.2494823509810957 0.0 0.34758630748397595 0.6407445882161966 1.217938231347198
29 0.11180591065883898 2.795720924477405 0.0 0.0 0.6987962173107745 0.0
30 0.0 1.4692137187901948 0.0 0.0 0.7822332988365082 0.0
31 0.0 0.7667485366540125 0.0 0.0 0.19545458123965942 0.8244615443092298
32 0.0 2.955241937809457 0.0 1.2422439549062392 1.5933984186716668 0.0
33 0.0 0.596003893957494 0.0 0.0 1.530853145214859 1.7831134549650312
34 0.0 1.96451458937316 0.0 2.741862336182834 1.8353180320620988 1.1535191184133424
35 1.869006616504367 0.0 0.0 0.0 0.0 1.1045519680571265
36 0.7206059708926409 0.0 3.043659880995852 0.0 0.0 0.3109869477207182
37 0.0 0.31492897372690026 0.0 0.0 2.7485580365472986 0.0
38 0.0 0.0 0.0 0.0 0.3290895860137386 0.0
39 1.3419975761955207 2.831255008232719 0.0 3.024290086543 0.0 0.0
40 0.0 1.4742736143727226 0.0 0.702570498654807 2.3094917554992582 0.0
41 0.0 1.703567271873925 0.0 2.0912961642409655 2.4585415297950073 0.0
42 0.349330136672093 1.7742419913500602 0.0 1.5329360891556152 0.39073760982074024 1.559009331185547
43 0.0 1.5202705836484594 0.0 0.4983672278523735 3.224725083508152 0.0
44 0.0 1.2351463056820124 0.0 2.9660193783093893 3.7687510591328266 0.0006597164304780245
45 0.0 1.91237402079482 0.0 0.0 1.5352423018106596 0.0
46 0.0 0.6935340962569237 0.0 1.4201432936679752 3.3749038563165237 0.0
47 0.0 0.8202096506618795 0.0 0.8633936889666541 3.6231539729606346 0.7780827729617147
48 0.36669770807130897 0.47528873361641005 0.0 0.0 0.0 1.801889840110586
49 0.0 1.1628527544804637 0.0 0.15491409322010197 3.4877359902522995 0.0
50 0.5575332046874748 1.1926563905780925 0.9895544107911015 0.22822383785189151 0.4125680178684342 0.9295158160956858
51 1.7064103943744575 0.0 0.0 0.0 0.0 1.2419484075065852
52 0.32258279623769226 1.8160107465782895 0.0 1.6035489577910365 0.4779954775381553 0.2583863261535259
53 0.2438631232860724 1.4709580210124846 0.0 2.14247846094812 0.0070427200596376765 2.405843534344667
54 0.7432547263716368 1.7195919272441316 0.0 2.98302381343625 0.4880822629803818 0.9091709067579049
55 1.7385406598744568 0.944080906330919 0.7558370152171211 0.0 0.0 0.0
56 0.20819765700942566 2.124696493206728 0.0 3.9337761696913365 1.4850561176096526 0.0
57 0.5959552525192935 0.0 0.6241670448719017 0.0 0.0 0.6238459558281682
58 2.8974906147970287 0.0 0.0 0.0 0.0 0.0
59 0.0 0.0 0.2855675803298206 0.0 1.855436024679689 0.3936677839900149
60 0.0 0.7826231063555855 0.0 0.0 2.4976856590223386 0.0
61 0.4278843639638232 0.0 0.0 0.5118107799555934 0.0 3.376179568338392
62 0.0 1.561090887698926 0.0 1.9216485175338411 3.0911322869874596 0.0
63 2.2376080126468048 0.0 0.23118273677313406 0.0 0.0 1.2160568443391582
64 0.0 1.3366077028394958 0.0 0.0 2.780744569974427 0.0
65 0.0 0.6529918782870692 0.43754709624459254 0.9228804178468084 2.147696955683884 0.8582097871864358
66 0.0 0.9949272038667498 0.0 0.0 1.62993083899738 0.0
67 2.5460622825605173 0.0 0.0 1.3272384637292143 0.0 0.6209961439474565
68 2.111312803936544 0.0 0.37209645612134234 0.0 0.0 0.49533152558131777
69 2.8347996052874453 0.0 0.0 1.1713426613011801 0.0 0.0
70 0.0 1.6446398541578922 0.0 0.0 1.3874438764629065 0.0
71 1.5473995004808012 0.0 0.0 0.9603216081031235 0.0 1.2238197438846594
72 2.0006482816455677 0.0 0.0 0.0 0.0 0.0
73 1.4649412834054532 0.0 0.0 0.0 0.0 2.001407874644409
74 1.7614785891499345 1.0173883375059583 0.0 0.0 0.0 0.0
75 0.018325190958821583 0.322543993302433 1.2735447837070775 0.657999465112674 0.355585909831835 0.0
76 2.6937963418499837 0.0 0.3076386446780459 0.4268826382120413 0.0 0.0
77 0.0 1.5992323283556842 0.0 0.0 2.6029132390787124 0.0
78 0.0 2.155611656352307 0.0 0.29715336890025995 0.5144887097259153 0.0
79 0.0 1.583271960603414 0.0 2.9392229723827e-07 1.3801880541601728 1.4927185057757644
80 2.6215391276735023 0.0 0.0 0.0 0.0 0.0
81 0.0 2.0569794991721793 0.16137282743710427 0.0 1.4316640201571236 0.0
82 0.0 0.0 0.0 0.0 2.02806791758673 0.12016299460971125
83 1.0830387995791426 1.3037112483357647 0.9251675974353601 0.0980870641404869 0.0 0.0
84 0.0 2.806719356454477 0.0 0.0 2.114375670654558 0.0
85 0.9133300147402502 0.7385497318433993 0.618563791575836 0.0 0.0 0.0
86 0.3181313296298669 1.9803587994852174 0.28468776822384856 0.0 0.9279574062812643 0.0
87 1.9909066475874138 0.0 0.0 0.0 0.0 0.7231115730257676
88 0.0 0.3507519569059805 0.0 0.7278615177542354 3.491547018040073 0.3471659033090472
89 0.0 0.9097586111867125 0.472824644183146 0.0 0.8858044994962042 0.0
90 0.5722710289816344 1.980067022024385 0.0 1.4341089909222942 0.0 1.8885869209850592
91 0.8444193232821963 0.0 0.371610424349058 0.0 1.9991498307645596e-06 2.1526622348167965
92 0.17607649995394742 0.37553258113619975 1.2755484651402809 0.0 0.0 0.0
93 2.63953593335021 0.0 0.25842017753067315 0.0 0.0 0.0
94 0.9244210111695894 0.0 1.288527586805324 0.878075759759935 0.0 0.0
95 1.1989393534782842 0.20708544181452532 0.0 0.0 0.0 2.0748504420770364
96 1.7121723648221718 0.0 0.40414531371141243 0.0 0.0 0.5530468028548297
97 0.0 1.3431826932419089 0.0 1.5118578829554439 3.4207925830046424 0.0
98 0.9345346098212208 2.343947334409231 0.0 2.4376347844637207 0.3961696487580004 0.593532024926352
99 0.0 0.28808954694049305 0.15396317179701127 0.0 0.0 0.0
100 0.0 0.35195557826810653 0.0 0.0 2.657668249746754 0.0
101 0.48763361041021114 1.2474206355342408 0.4537207103068953 2.968778008726344 0.0 0.0
102 0.0 0.0 1.0268350247180285 1.4139019048397845 0.7869137414261891 0.05945720362393893
103 2.9717622953101355 0.0 0.2858024413284031 0.0 0.0 0.0
104 0.0 0.5970898200321342 0.0 0.0 2.580193106794786 0.1676024073323092
105 0.0 1.6658854490834925 0.0 3.301614593920638 2.8018336426072734 0.0
106 0.8611706172846342 0.0 0.0 0.5975919838929171 0.0 2.8840814512553616
107 0.14560739800789374 1.7596117267490912 0.8026671288057471 0.0 0.28859514119916396 0.0
108 1.0532592904504499 1.6964609937575812 0.0 0.18951692815751384 0.0 0.0
109 0.40976708040477733 2.631762179591278 0.3338589833256046 1.5620640839436708 0.27585835413476517 0.0
110 1.882382897248379 1.542244326224955 1.7604779752142616 0.0 0.0 0.0
111 0.0 3.0552462541979506 0.0 0.0 1.0246395104092054 0.0
112 0.0 0.0 0.0 2.4411964108529345 1.0716292076277039 1.036456084153512
113 0.0 0.8074026743703338 0.0 0.19497503402729233 1.8018999559432016 0.0
114 0.0 0.8239633373012363 0.0 2.9928664736469752 3.0967720257422684 0.9381791473925525
115 1.6053854951302804 2.0485262578759857 0.0 4.095816953335829 0.0 0.0
116 0.0 1.025223092183812 0.0 0.0 1.066357476251045 1.2405169879265823
117 2.2921268350560116 0.26549502162088867 0.0 2.672385051535692 0.0 0.0
118 1.27534168868543 0.0 1.1164483255054238 0.0 0.0 0.0
119 0.0 1.6872088240120409 0.0 0.987164079358368 2.1376519038205 0.556786680343126
120 0.0 1.9604140200717577 0.0 0.7763413978978198 1.7976939561110032 0.1292559437488812
121 0.0 0.0 0.0 0.0 2.6327166881099098 0.0
122 3.3804057172632 0.0 0.0 0.0 0.0 0.0
123 1.1736658906894955 0.0 0.24841428781932917 0.29288122897172675 0.0 1.3506003894794625
124 1.3253778441986848 0.0 0.6569939350501267 1.0777983300808645 0.0 1.5279623702004317
125 1.5964161410708846 0.0 0.8004002865976523 0.0 0.0 0.6554380814326425
126 1.749779703857367 0.0 1.134706950245191 0.0 0.0 0.0
127 0.0 0.7177436637029408 0.0 0.2579161615953751 2.427001564615574 0.0
128 0.0 1.3870536833934446 0.0 0.0 0.0 3.6179907425680358
129 2.173320791402419 0.0 0.07385891015049244 0.0 0.0 0.0
130 0.0 0.0 1.9316903369494698 0.0 0.0 0.0
131 0.06898787178088166 0.0 0.0 0.0 0.0 0.0
132 2.276599768769094 0.0 0.0 0.0 0.0 0.0
133 1.1347887559773702 2.0615122488612094 0.0 1.383646387553828 0.0 0.0
134 0.933200817775699 0.0 0.3490450231015757 0.0 0.0 1.936472019029197
135 1.913135689201316 0.0 0.0 0.5090993276857894 0.0 1.7043065549272143
136 0.0 1.7306995667307699 0.0 0.9673197874248134 1.2574377664598517 1.069160070372361
137 2.1734520261527166 0.0 0.0 0.0 0.0 0.8602111660735887
138 0.0 1.0993880678198917 0.18968564192364726 0.0 0.09300052558769326 0.0
139 0.37553949446511625 0.4273636872153823 0.0 0.0 0.351373341398754 2.513367900948716
140 2.614434570160324 0.11164779579743238 1.2440751887302761 2.3077997065719504 0.0 0.0
141 1.0853359896279806 0.0 0.0 0.0 0.0 1.849771831266795
142 1.0320241605614833 0.0 0.6824910309037868 0.0 0.0 0.4503424684686924
143 0.0 0.19440225488458884 0.0 0.0 0.0 0.0
144 2.355203312670347 0.0 0.0 0.12746409695780272 0.0 0.0
145 0.0 2.0245744987816687 0.0 1.215895366306457 1.3290526526736461 1.0904457832802903
146 0.21083591026987475 2.156666154988372 0.3417865613220833 0.0 0.22746863995960107 0.0
147 0.0 0.4058012259896397 0.4197917779333765 0.0 0.0 0.0
148 0.0 1.7249957184139681 0.20507856157113433 0.0 0.6994107149924522 0.3287614716514709
149 1.6965543398198164 0.27160505556198394 0.33572221158986765 0.0 0.0 0.7446903354837975
150 0.704704665017344 1.2206073252571923 0.0 0.0 0.19880564527609984 1.337328691188923
151 2.2430401809473066 1.1269193069367598 0.0 2.2057332362207522 0.0 0.0
152 0.9321748312536822 2.170141059040165 0.0 2.680759138437974 0.3007428830315245 0.6573897182656491
153 0.0 0.0 0.0 0.0 1.250540426852207 0.0
154 0.0 1.5148454707043588 1.4946453951398837 0.0 0.0956972711065153 0.39517650587648956
155 2.717919793769168 0.0 0.592418975469793 0.09123995600473839 0.0 0.0
156 1.3740984244175254 0.2575679532229454 1.745862784803459 2.026523847824095 0.0 0.0
157 1.3998486270694266 0.7110438076535351 0.5042590642376052 0.0 0.0 0.0
158 0.0 2.0175239788601074 0.0 1.3946625261528667 1.5792693616457303 0.6918778741349201
159 0.0 1.0932925841753924 0.0 0.0 1.0379009857801211 0.20079529088287174
160 0.0 0.0 1.314763472092853 0.0 1.0484781939988417 0.9337951377321223
161 1.0260328325664925 0.12753531724972206 0.7155082407357416 0.0 0.0 0.0
162 1.0337077296697974 0.44770033901771833 0.8039067641683237 0.0 0.0 0.0
163 1.8710575222050156 0.4229257242809286 0.2910960653107836 0.652119486200453 0.0 0.016745678799118847
164 1.4016865133761052 0.0 0.0 1.3052173214234408 0.0 2.5182612326641722
165 2.237470438529602 0.1954898970518126 1.4199412617589087 0.0 0.0 0.0
166 0.23459703506726418 0.424831347979771 0.5791526283365661 0.0 0.0 0.5398308281223085
167 0.01663029403123722 1.108016795586858 0.6540633029735867 0.0 0.0 1.413369958644061
168 0.0 1.1120440704202894 0.16298524537533474 0.0 0.16207548036453578 0.0
169 0.4202980023462962 0.4065674082775619 0.0 0.36952541323244886 0.3642703441586505 3.1081870211253797
170 1.4309699130382114 0.9970560877785531 0.0 0.0 0.0 0.0
171 0.0 1.0480001916632404 0.0 0.0 3.4368951441396094 0.0
172 0.0 0.1742309661712822 0.0 1.74097729443179 0.6179405950220753 3.0442579554917657
173 0.0 0.0 0.7429578219036421 0.0 0.0 0.0
174 2.2944412627521333 0.7888145450664799 0.6873994833192497 0.0 0.0 0.0
175 2.529336909083964 0.0 0.0 0.0 0.0 0.7428865477448222
176 2.7476207316636305 0.17388725939338692 0.6896104394676629 0.8505061738493058 0.0 0.0
177 0.0 0.25447155885918143 0.0 0.0 1.341501460671942 0.0
178 1.5410229605707197 0.2737985998682297 0.0 2.939282486141039 0.0 0.0
179 0.0 0.8809588711484242 0.0 2.939661243292085 0.5739588911429683 1.4549093354738523
180 0.405392509679111 0.11637286942215745 1.20146653963364 0.47914081880424475 0.0 2.6940658051070523
181 2.3435361841729923 0.0 1.193151104929032 0.0 0.0 0.0
182 0.7481980267969401 0.0 0.8976757844974147 0.0 0.0 1.7328872134524391
183 0.0 0.0 1.1887325150458277 0.0 0.0 0.0
184 0.0 2.3272655638578525 1.4083394896711523 1.240428497053904 0.0690257350309225 1.028322918575825
185 0.2540951124431704 0.0 1.7282239789903144 0.0 0.11658374958737319 1.5102584498246288
186 2.3293823141907923 0.0 0.0 1.0387464359423848 0.0 0.32620032777454255
187 2.0489747805262044 1.109876260930646 0.0 2.9445496347243436 0.0 0.0
188 0.0 0.0 0.0 0.0 2.5221838591878845 0.7776056242223262
189 0.0 0.2442538253711511 0.0 0.0 2.7964143853898795 0.0
190 2.0710108511919776 0.0 0.0 2.1258118478327717 0.0 1.6836252361015456
191 2.4400330988178833 0.0 1.2824915051810473 0.0 0.0 0.0
192 2.8974906147970287 0.0 0.0 0.0 0.0 0.0
193 0.22522365340153155 1.3730017921130298 0.0 1.2083758557888948 0.12173519519522441 2.9974287610148407
194 0.0 0.0 0.0 0.0 1.974537516082432 0.0
195 2.313982773709543 0.0 0.39966736852429363 0.39091009771427887 0.0 0.8231397838942349
196 0.0 1.2756459106186107 0.0 0.0 0.5842145173143964 0.0
197 0.0 1.4703665536510622 0.0 0.0 0.5181810095592982 0.0
198 0.16682994082942368 0.2023380118849582 0.7941439615247405 0.21588798729426295 0.0 2.804670693498676
199 0.0 0.8499461838005087 0.0 0.0 2.254645350409036 0.0
200 0.0 0.931386359267754 0.8681362234239725 0.0 0.48719277821366136 0.9288877121479886
201 0.0 0.0 0.5608072016574368 0.0 0.4966184963140924 2.2966056274591873
202 1.1501952486546583 0.0 0.0 0.0 0.0 2.8684217253803626
203 0.0 0.7691564029223801 0.0003188695395533076 0.0 0.8229766902846305 3.6028938824235213
204 0.0 0.571555429957967 0.0 0.0 2.0482449156655655 0.0
205 0.0 0.23426820697056475 0.14564660037141253 0.0 0.5382038830065377 0.651350209503174
206 2.1229216689285533 0.11255006461385839 0.45613172482592723 0.0 0.0 0.0
207 0.0 0.8235139824580378 0.4837159985754086 1.2469020376026667 0.2844019874810091 2.382873391786612
208 2.402705804160358 0.0 0.0 1.6546667758369331 0.0 0.0
209 0.30397817314850484 0.5999926092247562 0.0 1.5145948830801859 1.6582654227870324 0.0
210 0.0 0.0 1.2610079748840524 0.0 0.2970755194599055 0.0
211 1.3767756489334173 0.0 0.0 0.0 0.0 0.206894606059983
212 1.5039811070906708 0.10597076285165355 0.4619888398440503 0.0 0.0 0.0
213 0.49316287262754216 1.6684872536074364 0.39913891289701914 0.0 0.0 0.0
214 1.5242708572432253 0.0 2.5395482699371157 2.046023805982939 0.0 0.0
215 1.3153343141922773 0.7967933183681313 0.7801939566676294 2.8860065975697653 0.0 0.0
216 0.4896705822655578 0.0 0.8102056950491808 0.0 0.0 2.880768801892049
217 2.385014557127015 0.2093660202467138 0.48223100927427864 1.3372939704995104 0.0 0.0
218 1.533651913696114 1.0537356776778788 0.0 1.8841503662931867 0.0 1.4385849957792218
219 0.370997198260868 0.6417090274107639 0.09250948440510078 1.8433771540491812 0.14863241787826614 1.1840625165671275
220 0.690506855626966 0.5526042380102071 0.5787131355612394 0.11656031879080611 0.0 1.885855522321703
221 0.0 0.6958510056820096 0.0 2.734096360168734 1.2786532254250216 0.9066523326242875
222 2.185849945202727 0.0 0.0 0.41193420464911384 0.0 1.0666754497198938
223 0.0 1.053863688087164 0.3206467392311 0.0 0.0 0.0
224 0.0 1.0550481454457492 0.0 0.40469195115785506 0.09302068897568287 0.0
225 0.8651505824302324 0.0 0.491779811437816 0.0 0.49673099517339286 0.16229036954096104
226 2.4526238643169087 0.5895188631848801 0.4464028250808681 0.9380386927278466 0.0 0.20715761093858592
227 0.0 0.0 0.0 0.0 2.6843096337154715 0.12314371559247428
228 0.8105630119898779 0.540660644813482 0.8350994448132265 2.098810379641652 0.0 2.4198281301104396
229 0.0 0.0 1.2493950027940293 0.23575036515845815 0.0 0.0
230 0.30994936006516366 0.0 2.3042377077289578 0.0 0.0 0.0
231 1.1027242638754835 0.0 1.9340201553001255 0.0 0.0 0.0
232 0.26179753029156383 1.9773819700379038 0.0 1.8535578390958327 0.2334848712032862 2.2074049667306053
233 1.6839392709205276 0.0 0.0 0.0 0.0 1.4774490670800193
234 1.8079721962968973 0.0 0.0008496279134706462 1.0432992303996191 0.0 0.784046866970898
235 1.8517277433567285 0.0 0.0 0.0 0.0 0.2185825478762523
236 0.0 0.0 0.0 0.0 1.1811609722755718 0.005479324297479541
237 0.0 1.0518577577571213 0.0 0.8596737565782482 0.5022375044339724 2.7080147982463343
238 0.0 2.028147461744057 0.0 0.0 0.9303051538370654 0.0
239 0.0 0.0 0.0 0.0 2.7643525225154053 0.0
240 0.11848357660757539 1.3882794608548588 0.0 0.0 0.0 0.0
241 0.0 2.489678842206562 0.0 1.8885319251531638 0.8688515346537082 0.24650539026059443
242 1.7924363618741335 1.4343866487648316 0.5353283107658247 3.2647092067978205 0.0 0.2648636804485818
243 0.0 0.9197029737749182 0.0 1.2882421001167756 1.8437644926184134 2.7164776097188232
244 0.0 0.09720112744229441 0.0 0.0 0.0 0.0
245 0.0 0.9977826207779762 0.0 0.0 0.5090927546376864 0.0
246 0.0 1.364816701436932 0.0 0.3586946920115771 1.942711345884353 0.9134104790822243
247 2.810161347394031 0.0 0.0 1.6685606150669166 0.0 0.0
248 0.0 2.102942906864887 0.0 0.0 0.8138409062506706 0.0
249 0.0 0.0 0.0 0.0 1.8429016816769368 0.0
250 0.0 2.6123733180205244 0.0 1.1038841820837766 1.22887232639836 0.0
251 1.3867761265021885 0.0 0.0 0.0 0.0 1.60984210775224
252 0.5386107497773784 0.0 0.0 0.0 0.0 2.1459490576553106
253 0.09073937414857872 0.0 2.0334317857807154 0.0 0.0 0.0
254 0.0 0.8789653802069457 0.0 0.1938222544524984 1.7041892373066954 0.1778220625855407
255 0.0 1.3212059629478747 0.7854015004469312 0.0 1.0017150385035616 0.09137361648485463
256 0.0 0.09333086150915847 0.0 2.3479434159198678 3.3038610024264825 0.5052702679653854
257 2.288014212285961 0.0 0.0 0.0 0.0 0.7933181111375975
258 0.0 0.0 0.0 0.0 1.7112658472714413 0.0
259 0.32554929786639875 1.0064959515596266 0.8395783082768042 1.0023299691983651 0.23092010616401942 0.0
260 0.4700771397719016 0.8693176948404266 0.3641075038487227 0.06630373633579842 0.22013013706222692 0.0
261 0.0 0.5890406207847185 0.0 0.0 2.826220153647369 0.0
262 1.5582510183165226 0.372816317822644 0.21128643483654225 1.8002839703658817 0.0 0.0
263 2.0114226909760453 0.0 0.31562536916760814 0.0 0.0 1.6930209169365955
264 0.060131343994065695 0.7235972062480838 0.0 0.05993333385389214 1.1739966318804722 2.475008013976076
265 0.0 0.7971013390179886 0.3820658201704118 0.0 1.1997431899354656 0.0
266 0.7072668226426484 0.16480088472009366 0.0 0.0 0.0 2.6380492358760366
267 0.0 1.151523036438205 0.0 3.227079717107496 3.183247221425212 0.0
268 0.0 0.5076777837062336 0.0 0.0 1.5611352423306104 0.10713578282607025
269 0.9814690541211322 0.23465506932507652 0.3505559354924698 0.0 0.0 0.0
270 0.0 0.0 0.0 1.635372009969107 1.025073932244751 0.7476792390490559
271 0.0 1.3816145511083897 0.538650629524213 0.0 0.3396850606321093 0.0
272 0.0 0.09510077174595619 0.428491767749181 0.0 0.009077604893476735 0.0
273 0.6991226761580812 1.7902147590184034 0.0 1.2512685483721233 0.0 0.0
274 1.3518235215664354 0.4590230794345556 0.6820188778599459 0.1618247852700648 0.0 0.0
275 0.0 1.6544652399448851 0.6572954364601074 0.0 0.6947374525725709 0.0
276 0.0 1.0796945741429838 0.0 1.4957240265873035 3.4747425416023203 0.0
277 0.7588665895896982 0.0 0.0 0.0 0.0 0.0
278 1.8017434258028886 0.0 0.0 0.0 0.0 0.7982435161267956
279 0.3575566041039065 2.399400926888387 0.0 2.594787646087853 0.6326809580729817 0.0
280 0.0 0.43500275700409474 0.6121904942996117 0.0 0.15827631671604026 0.0
281 1.7320015739041086 0.0 0.578632642790095 0.0 0.0 0.0
282 1.5532555050650136 0.2506954079027024 0.0 1.4153364511501794 0.0 1.8580842907210333
283 0.0 1.180060881403371 0.0 0.0 0.4514843723582033 0.0
284 0.0 0.8041499756238947 0.0 1.9974023755005692 2.75818173925176 1.1477252491784413
285 2.261145743615859 0.0 0.36823401790222354 0.0 0.0 0.8855958651855148
286 2.5176210239422794 0.7941441602264301 0.37707834339407553 1.5993446036020718 0.0 0.0
287 1.753284108098626 0.33324557889341266 0.7663172450052371 0.0 0.0 0.0
288 0.0 0.15710450486909858 0.0 0.0 1.8681571523382794 0.0
289 1.7225739531566924 0.0 0.7475301664515529 0.0 0.0 0.0
290 0.0 2.4273374327082915 0.0 0.11702478534055388 0.8367979849347302 0.863102995078904
291 1.1598450210614735 0.0 0.0 0.0 0.0 2.347962985022432
292 0.0 2.0870447759081285 0.0 4.647371466284776 1.6167768399490225 0.16058376029159377
293 0.0 0.0 0.0 0.11981990525940223 0.6845386737722728 0.5863405627903993
294 0.36990985947736166 0.25939141105894153 2.67010721602519 0.0 0.0 0.0
295 1.7495191201685532 1.891556365908401 0.28349379628383564 2.8543438163313164 0.0 0.0
296 2.2644758215972534 0.0 0.31379903783826346 1.9348660901563766 0.0 0.0
297 0.0 0.828348596368894 0.0 0.3711632799923674 2.1701455158962455 0.0
298 0.0 0.0 0.0 0.0 0.3290895860137386 0.0
299 0.0 0.0 0.6619562475953282 0.0 0.03587925689682198 0.0
300 1.1526506851505345 0.0 0.0 0.533909820783075 0.0 2.398532464956271
301 0.8567899438332744 1.0284434747211477 0.0 0.0 0.0 0.0
302 1.8845113832127902 0.8356987773381528 0.6481003300114048 0.9959043135757011 0.0 0.0
303 0.4528625795233319 0.0 0.0 0.34360838044505715 0.0 3.859550533964626
304 0.0 0.8342501835315493 0.0 0.0 0.40027412607884405 1.2491048302048573
305 0.5474492010410219 0.37280340449397165 0.38060250487569247 2.3696930972348436 0.34039936236626706 1.467864641300885
306 2.0924858042046894 0.0 0.2479677338370276 0.0 0.0 0.0
307 0.0 0.6403273224450247 0.0 0.0 1.9358594035727625 0.0
308 0.05355341108103092 0.5505057339345488 0.0 5.0695904158933915 0.0044229928389057545 0.43175421830149285
309 0.0 0.0 0.9243957413357687 0.0 1.104355457802394 0.0
310 1.6698972235649063 0.0 0.5638063669090806 0.0 0.0 0.0
311 1.468592540579643 0.7182634492511057 0.7909309686936559 0.0 0.0 0.0
313 0.18710823052827527 0.0 2.5688227012500997 0.0 0.0 0.0
314 1.583464287952558 0.0 0.0 0.0 0.0 1.0173702107257585
315 1.2599507262502112 0.0 0.0 0.10259482183676269 0.0 1.624592302789597
316 0.434208212659572 1.321382030657177 0.0 2.131028335664598 0.386848075741311 1.1994927421167842
317 0.0 0.0 2.3102227740033037 0.0 0.0 0.6533768139435078
318 0.0 0.0 0.2874660437940869 0.0 0.6324063893031604 0.9576034868333552
319 0.0 0.0 0.0 1.3359239503324365 2.499767616721469 0.0
320 0.8856884676882992 2.031073160168656 1.1909302132119102 0.33343717641604664 0.0 0.0
321 0.8803107704314295 0.0 0.0 0.0 0.0 1.8469266926897048
322 1.5849669839803897 0.0 0.0 0.0 0.0 1.62271858394515
324 3.478548878043994e-07 0.0 0.0 0.0 0.0 0.30377648942233687
325 0.0 1.3437500150606116 0.9914480536103903 0.40282005638443974 1.5629633564307284 1.1175664947926087
326 1.5942936527713405 0.0 0.0 0.3593018594164086 0.0 1.6671567397758802
327 0.0 0.691699841843523 0.0 0.0 1.626922179601356 0.21925598521810896
328 3.035466358358792 0.0 0.0 0.0 0.0 0.0
329 0.0 0.3810745972711178 0.17357149779846348 0.0 1.96870693999917 0.0
330 0.4780966367957069 0.5834986213840981 2.7365444406588475 0.24442047548427548 0.0 0.0
331 0.8102972923005621 0.0 1.375140106372525 0.0 0.0 0.0
332 1.6849929930047338 0.0 1.043192850391351 0.0 0.0 0.3599736918467243
333 1.5570547502740997 0.7815394278682771 0.9147107738744561 1.8729690988354135 0.0 1.2746194008401415
334 1.3212854289310458 0.0 1.611857301692261 0.0 0.0 0.0
335 0.0 0.7338695710038475 1.0880536008398463 0.010785893867646527 0.0 0.5118358037250764
336 0.0 0.0 0.987813414126731 0.2002647684619269 0.0 0.0
337 0.3832648711809393 0.8274975363448493 0.0040746978159666705 0.0 0.0 1.7116606304438278
338 2.3384676887082234 0.0 0.8611593981491755 1.2304377670052395 0.0 0.0
339 0.0 1.158313349951688 0.0 1.1023315425667164 2.4116054473059885 0.0
340 1.1727938202749881 0.0 0.0 0.0 0.0 0.0
341 0.0 1.1294186894159295 0.8155225631557407 0.0 0.38781566161689174 0.0
342 2.0250626537921055 2.1378994854736755 0.0 2.0218931342572852 0.0 0.0
343 1.12328235104159 0.0 0.40382486850878696 0.0 0.0 0.0
344 0.0 0.0 0.0 0.0 1.5796300128659457 0.0
345 2.62017740423446 0.0 0.0 3.5575069597956293 0.0 0.0
346 0.0 0.19903912714152466 0.0 0.0 0.9841289871114198 0.0
347 1.1134415486031046 0.0 2.253648929130722 0.10272653699254618 0.0 0.0
348 0.0 0.7955480731959854 2.041827854082948 0.0 0.13652177613803518 0.0
349 0.0 0.0 0.0 0.0 2.04035543328518 0.0
350 0.0 0.0 0.0 0.10468366512613549 0.4901248714251223 0.5920121097561344
351 0.0 1.8161792746499843 0.0 0.0 2.521829607664504 0.0
352 2.4145755123308574 0.0 0.0 0.0 0.0 0.0
353 0.0 0.5449368102337859 0.35568648716560763 0.0 0.0 0.0
355 0.0 0.0 1.1298405865245535 0.0 0.0 0.1413914113839147
356 0.8123537445885878 0.0 0.0 1.2433577066002675 0.0 2.412974427061764
357 2.8418580331488053 0.0 0.00016327339046423237 0.2673805471135564 0.0 0.0
358 0.0 0.0 0.0 0.0 1.6936054523202781 1.242278017032908
359 0.0 0.5835634855513674 0.0 0.0 0.6579376251738491 0.0
360 2.2532960896318794 0.5472638190339905 0.9966887588368352 0.0 0.0 0.0
361 1.4168700091541035 2.3980821590490793 0.0 1.746292990442229 0.0 0.0
362 2.6571592919087896 0.16020542079509514 0.0 0.8642807186234625 0.0 0.0
363 1.5733602327234473 0.0 1.5146932366213222 0.0 0.0 0.0
364 0.0 0.38744925373875877 0.15066334707497664 0.0 0.0 0.0
365 0.0007742782152378642 0.9761300855864831 0.0 0.0 0.33837529702854446 2.613020967010658
366 2.1709267810475383 0.0 0.37619844879375064 0.0 0.0 0.0
367 0.0 0.9833942366393833 1.0266302867664474 0.0 0.1299125588571729 0.0
368 0.0 0.0 0.0 0.0 0.0 1.2151079999867642
369 2.3956118181449058 0.0 0.3380286413535594 0.0 0.0 0.0
370 0.3449393589044083 0.0 0.0 0.0 0.0 0.0
371 0.0 1.7132916901867674 0.36292519689663877 0.0 1.838380780978668 0.0
372 1.8626725380838045 0.0 0.0 0.0 0.0 0.0
373 0.0 0.0 0.0 1.9026748652414278 0.9973673730687598 0.0
374 0.022990729502341496 1.3767643022417604 0.6119373477789636 0.0 0.017034167712505863 0.7215317947290506
375 1.037132712167502 0.0 0.0 0.0 0.0 2.3255596249663615
376 1.2479169687640517 0.0 0.35400547576399277 0.0 0.0 2.4837476879131186
377 1.326608014316212 0.0 0.0 0.0 0.0 1.799414643369753
378 0.5741439701723695 0.0 0.5808010508103245 1.564720463330092 0.0 3.6659960855804696
379 0.0 1.3481878151726199 0.0 1.683338151682227 1.6957509951846514 0.0
380 0.0 0.42708366367962936 0.7106372708788242 0.0 0.0 0.5897019170899601
381 0.0 0.0 0.17184902368578628 0.0 0.3846057237227031 0.0
382 0.0 0.7019761823573374 0.0 0.0 2.223204622374698 0.0
383 0.0 0.0 0.0 0.0 1.513812095663198 0.0
384 0.873451765954498 1.6547413989555073 0.0 2.228267206899142 0.010155782886406221 1.5306254184893433
385 0.0 0.0 0.0 0.0 2.895988356920901 0.0
386 0.0 0.49468500986148845 0.29522955682050095 0.0 1.6526903845991858 0.38618325545006615
387 0.8386697071754399 0.0 2.205578729233034 0.0 0.0 0.0
388 0.0 1.314238499075392 0.0 1.994502210355979 3.2917260315532517 0.0
389 1.9925754941300209 0.0 0.0 0.0 0.0 2.4420650738748693
390 0.2618572582019918 0.3867610506612698 0.0 0.0 0.0806482140371201 0.0
391 0.0667739388145871 1.0797516268475882 0.494117922684462 0.0 0.0 0.16184444836763387
392 0.0 0.0 0.0 0.0 1.9087195988796846 0.0
393 0.0 1.2825059181773706 1.9979352564111192 0.0 0.1553190211050519 0.0
394 0.34330142666230035 0.0 0.1645681453458725 0.0 0.0 2.2192147451662043
395 2.3359339866902182 0.0 0.5944857690832963 0.7611442032151226 0.0 0.0
396 0.0 0.0 1.210831822325476 0.2761581791354364 0.0 3.036422988379334
397 0.3892003180680156 0.0 0.7783664128834229 0.0 0.0 0.21468217221703198
398 0.0 0.5832067646537664 0.0 0.0 0.0 0.0
399 0.6669475499982269 0.0 0.9302326937474782 0.0 0.0 2.2349948306401437
400 2.448928620482529 0.0 0.6499790141481372 0.0 0.0 0.3167154126137761
401 0.0 0.2057831054032867 0.0 0.0 2.1642849385888736 0.0
402 1.9888827802542037 1.6004895351365431 0.44685900388211325 2.4730269147204353 0.0 0.0
403 0.13797574356176331 0.0 0.0 0.0 0.0 0.0
404 0.0 0.671480109575127 0.0 0.0 2.9020336371170155 0.0
405 0.0 0.0 2.2921739679297843 0.0 0.07183728973729016 0.3526386941093926
406 0.5156184643716542 0.0 0.0 0.513802263158259 0.10910428033012687 2.2681178436840113
407 0.0 0.41639997768443593 0.5319934807813392 0.0 0.5272917769233721 1.5314905119201578
408 0.0 1.6072767387055467 0.0 0.0 1.4127436081017102 0.0
409 0.0 0.0 0.8915493862843709 0.0 0.0 0.0
410 0.2218560283078854 1.0431243622910173 0.000905741823523476 2.3447527223060463 0.0 2.249470497193477
411 1.3287121629833876 1.6140968413184944 0.5684250374698877 1.9899835184339056 0.0 1.7085120608170454
412 0.0 0.0 0.4457746931421854 0.0 0.0 0.0
413 0.0 0.0 2.193292641280184 0.04468947233423347 0.0 2.423909329931336
414 0.07422177982097687 0.0 0.0 1.1841160173495524 0.5858403757118191 0.2053774163993042
415 0.0 0.4648066211952282 0.0 0.0 1.7256203626731805 0.0
416 0.0 0.8013588175765233 0.0 0.0 0.7021504718699797 0.6164231165244713
417 2.368421584438941 0.0 0.0 0.15075830551724928 0.0 0.9772625839128237
418 0.0 0.0 0.0 0.3760781724080676 3.315182298452653 0.00929393810104411
419 0.016423944276830266 0.0 0.44516339168054525 0.0 0.11623733432637227 0.0
420 0.7853811222872362 0.0 1.4170710887304525 0.7956084156357806 0.0 0.07160555483107064
421 0.4508569302240799 1.6463294502489596 1.329014399299896 0.5307091702326027 0.0 0.0
422 0.0 0.0 0.8647349264726278 0.0 0.0 1.4358989443294383
423 0.0 0.0 0.0 0.29764642105895756 3.2396879332137405 0.0778035034851104
424 0.0 0.13165191481538308 0.0 0.0 0.0 1.5842549895318863
425 0.0 0.7751578621248527 0.0 0.0 1.120564347636162 0.0
426 0.0 0.982982795263268 0.0 0.0 0.9082466765791316 0.008884681589428423
427 1.4551414373048952 0.7960089846579872 0.2552785708274326 0.0 0.0 0.0
428 0.0 0.0 0.0 1.2390572083645208 0.5024589628991355 1.0380872485453445e-07
429 0.8207238065310105 0.0 1.352682650872795 0.0 0.0 0.0
430 0.0 0.30389693247640054 0.31890582141884566 0.0 1.1855580040837927 0.27488172853367293
431 2.8769645953695884 0.0 0.3798803398136165 0.10974634798036481 0.0 0.0
432 2.966937367589893 0.0 0.29619475434614584 0.0 0.0 0.0
433 0.2946610745894832 0.0 0.0 0.0 0.0 1.9977184466890954
434 0.0 0.7769588061144157 0.0 0.11805045732435127 2.567980765045503 0.6271163950388279
435 2.1739973306725204 0.04751249101755678 0.44554397601218276 0.0 0.0 0.0
436 2.490269135741116 0.0 0.0 0.629184172715298 0.0 0.47132455274296386
437 0.0 1.1689251060123997 0.0 1.0575499759718632 2.0271193188916876 0.4085647358108869
438 1.6966792951725207 0.0 1.108592655457052 0.5843515973665436 0.0 0.0
439 0.0 0.46803331872480886 1.2162068354549957 0.0 0.0 0.0
441 0.0 0.5953743817610947 0.07887062977925557 0.0 0.0 2.363793349965631
442 2.8974906147970287 0.0 0.0 0.0 0.0 0.0
443 1.3813966122151964 0.9165014175793774 0.0 1.4140041504225054 0.0 1.8634551741402076e-05
444 0.4875194292787842 0.0 0.532548867713556 0.6441617885450804 0.0 0.0
445 0.0 0.0 0.16591037969092423 0.0 1.4403228926987934 0.0
446 0.9987446847663719 0.0 0.0 0.7627704034787387 0.0 1.9616689892812285
447 0.0 1.2152079688211503 0.0 0.18149429053971056 0.5444842451054408 0.0
448 2.3486819985304668 0.0 0.0 0.0 0.0 0.7042711640629399
449 0.0 1.32465560073255 0.0 2.301562880927017 1.4565241806540614 1.3875132190919237
450 1.0468115117758581e-05 0.5784967201603031 0.09769023347342294 1.1710681187985672 0.0 1.9729295679879209
451 0.0 0.0 0.0 0.0 2.171991267690675 0.0
452 0.0 0.0 0.8905733269026233 0.0 0.36609817857735644 0.24750547341450327
453 1.2897514422933023 0.7882467271118736 0.177600180440372 0.0 0.0 0.0
454 0.0 0.0 0.14859156438072846 0.0 0.0 0.0
455 0.06898787178088166 0.0 0.0 0.0 0.0 0.0
456 0.0 0.0 0.0 3.0785071144240853e-06 2.5136035227445124 0.4870271239033725
457 0.0 0.0 0.0 0.0 2.303627102096171 0.0
458 0.44239644168437725 0.0 0.8302301356706454 0.0 0.0 0.0
459 0.5396313729348279 0.0 1.958121887733234 0.0 0.0 0.0
460 2.345587640549976 0.0 0.0 0.0 0.0 0.0
461 1.0508776299257132 0.1177996045888927 2.2109626617962634 1.4330648646891277 0.0 0.0
462 2.2286178739630964 0.2556311839229803 0.3473238087340725 2.115223209514446 0.0 0.551506275559672
463 0.2917341164910342 0.5036644761805904 1.2050132392791926 0.906077130274038 0.023845356276539713 0.0
464 0.7531036440253328 0.0 0.0 0.6619719463574867 0.0 2.6949073395294745
465 0.0 0.4166059307603014 0.9089623261743967 2.911595425027841 2.364680974953478 0.20358451770949848
466 0.0 1.9718246141732798 0.0 0.0 1.5608043666832923 0.0
467 0.0 1.2589643047870482 0.2365098452617827 2.0331453387160963 1.1668648707355038 0.0
468 2.124730326853504 0.630290272685107 0.5523149538868308 0.0 0.0 0.0
469 0.13421093846734614 0.9990843677019204 0.03078559161714859 0.0 0.0 1.3739694798551416
470 0.0 0.427318967459755 0.0 1.0415189904941582 0.3397735858545864 1.4590675653288838
471 0.0 1.2405452376406554 0.0 2.0263066704224384 1.6162265303676695 0.0
472 0.0 0.5376365063324513 0.0 0.0 1.6551811773181369 0.4375343628998155
473 0.45797974494922444 0.0 0.3215205520838955 0.0 0.0 1.4376406658570853
474 1.638930503807102 0.0 0.0 0.0 0.0 1.0372170232463547
475 0.0 0.7881479608515272 0.3075847075679723 1.9899571501919788 1.914161499830816 1.8533444620409547
476 2.2076118969882126 0.0 0.0 0.0 0.0 0.0
477 0.0 0.5333050274582951 0.0 3.0921815659875724 0.9257950368550611 1.98158292694152
478 0.0 0.0 0.44811051476836117 0.0 0.4484477644984194 0.11855605987720398
479 2.2086915394637203 0.0 1.2865811379520604 0.0 0.0 0.6405485366990813
480 0.0 0.9445821027872465 0.0 0.0 0.23587928697246774 0.27323466510208305
481 0.0 0.0 1.3286625065779312 0.0 0.0 2.334859503314741
482 0.0 0.0 0.0 0.1481076468089736 0.0 0.0
483 0.0 1.0032716155328574 0.0 1.4512551318543374 2.493165877153603 0.0
484 0.9625473004776415 0.22170953640599875 0.4893634107235698 0.9705228465317357 0.0025321857188736457 1.30441962836026
485 0.0 0.0 0.2971831287614569 0.0 0.0 0.0
486 2.276152941928027 0.5272302534414018 0.38371694830696085 0.0 0.0 0.0
487 0.0 0.2722903582670045 1.0150617259799135 0.3753839292495344 1.2395446574822913 0.0
488 0.0 0.0 0.0 0.0 1.0530866752439636 0.0
489 2.038203143668999 1.131976358963767 1.3090796045828417 0.0 0.0 0.0
490 0.0 0.0 0.2992061686501636 0.0 0.7231009934629606 0.0
491 0.0 0.0 2.228873465710927 0.0 0.0 0.0
492 0.0 0.0 0.7429578219036422 0.0 0.0 0.0
493 0.0 0.3264649339287383 0.6807497131347177 1.6039134228751366 0.40387558428210985 1.8322173865670777
494 0.0 0.3141793835728747 0.0 1.8591347172541373 2.881855616671172 0.5498235206907234
495 2.340642362644972 0.0 0.0 1.7879086057183646 0.0 0.0
496 0.5559849837678079 0.6485970116624311 0.0 0.0 0.0 3.4699534039713096
497 0.0 0.0 0.4668328689323337 0.0 0.25394405134917053 0.0
498 0.0 0.6357112298682965 0.17136795934289778 0.0 0.3492663967046524 0.0
499 0.0 0.0 0.0 0.0 1.579630012865946 0.0
500 1.2996342993776828 0.0 1.9556743550537172 0.0 0.0 0.0
501 0.0 0.796406924234403 0.30345935883827896 0.0 0.18194507776425178 0.0
502 2.0798509250828836 0.0 0.3182823747541638 0.0 0.0 0.5781827024670236
503 1.5312444828091247 0.0 0.9878796617195811 0.46740708547439547 0.0 0.0
504 0.0 3.5954306447701274 0.0 0.0 1.8435863091338756 0.0
505 1.5850514766150643 1.2659670196291888 0.0 0.0 0.0 0.0
506 0.18497979526023828 0.10392215248132193 0.0 1.8353426730955837 1.9651627125294622 1.196872077926855e-07
507 0.0 0.8892232545242436 0.0 0.0 3.0178646263511673 0.0
508 0.0 0.18041127158240472 0.0 0.0 1.2892553427768108 0.05627226657018805
509 0.0 1.9644131707253845 0.7312207794908826 0.528265780616743 1.0071748522955295 0.0
510 1.1586139054687685 0.0 0.0 0.0 0.0 1.640956991545679
511 2.7130358353675956 0.0 8.131124194767415e-07 0.09978340450860171 0.0 0.0
512 1.7439726377619775 0.43678819483441766 0.0 1.2163482858385173 0.0 0.609006168824342
513 1.8511462210800547 0.0605155332309747 0.5266823349941273 0.0 0.0 0.0
514 1.4870651871094511 0.0 2.4435201902299886 0.0 0.0 0.0
515 0.0 0.0 0.2971831287614569 0.0 0.0 0.0
516 0.0 0.6070847122333858 0.16192899661486326 0.0 1.8208254267805093 0.0
517 0.0 0.0 1.4515654852099562 1.2005733350551608 0.0 1.3290330401031636
518 0.0 0.4886823641773145 0.0 0.0 0.8538204282619732 0.0
519 0.0 0.0 0.30627338774607965 1.3032067557450018 1.2470239224144124 1.9434842896811615
520 1.5237012133499763 0.0 0.0 0.3018853212582915 0.0 1.506248726637521
521 0.0 0.0 0.0 0.0 1.0933413786561208 0.24184627982195658
522 1.8852466872762945 0.0 2.0030113902719577 1.0653087415183857 0.0 0.0
523 0.0 1.532774229705684 0.0 0.0 0.6407650727048918 1.2652798732163868
524 2.7894587051441784 0.0 1.1242371043421295 0.0 0.0 0.0
525 2.91147156796301 0.0 0.4156614044026049 0.0 0.0 0.0
526 0.0 0.0 0.5035611726920864 0.04484405395308831 0.0 1.6513646921695173
527 1.1628378699697228 1.8848915002110473 0.0 3.264175751015097 0.24441089163887808 0.0
528 0.0 0.18224381906301065 0.0 4.375256419987377 1.6180695489677253 0.0
529 0.0 0.5894493217479603 0.21062409253214553 0.0 1.0764917728855825 0.016475154451050245
530 0.0 0.09720112744229442 0.0 0.0 0.0 0.0
531 2.25913965856452 0.0 0.0 0.0 0.0 0.7344405958804558
532 0.3842650066055656 0.0 0.9148887514040853 0.0 0.0 2.0528128001396073
533 0.05937020250385356 0.0 1.2619554618721964 0.0 0.10837782574685027 0.0
534 0.0 0.0 0.30775201178937506 0.0 1.7154015823702835 0.18895303250428228
535 2.4019274761028404 0.6203545646046204 0.4746450418501005 0.9785278495508245 0.0 0.0
536 1.838300976021848 0.21906588525999443 0.8765573094017349 0.0 0.0 0.6278492973326073
537 0.0 1.0557228125726374 0.0 1.9386595116100152 0.7272386217252803 0.0
538 1.9685676186997076 0.7696136629910274 0.2299119654675472 0.0 0.0 0.0
539 1.563355501726006 0.6990778914184054 0.4675604046427484 0.0 0.0 0.0
540 0.0 0.04852889643588314 1.1523188569475207 0.6729595446766914 1.697838702084676 1.6612633890162358
541 0.0 0.4821136454333731 0.4517243890159085 0.0 0.0 0.0
542 1.5373482114442436 0.0 2.4535140650781853 1.3631642756114708 0.0 0.0
543 0.0 0.8607195380167487 0.014827169564098457 0.06756756243599564 0.812230161217721 2.6578877298781576
544 0.0 0.40470124526321843 0.0 0.0 1.239776251085193 0.0
545 0.0 0.15776219405802022 0.28027781669793145 0.0 0.8221132617086133 0.0
546 0.5580551092094377 0.8879195769191146 0.26389175860506975 0.0 0.0 0.0
547 0.25697589846076885 0.0 0.3380542606235908 0.0 0.0 0.0
548 0.9668627278749746 0.7034570542777654 0.0 0.9642834305667397 0.0 2.758012813940966
549 0.0 0.2502228490290613 0.0 0.0 1.8272210937891538 0.16849119369258464
550 0.0 0.0 0.0 0.0 1.9697836181033952 0.5136087372853686
551 0.0 0.19440225488458884 0.0 0.0 0.0 0.0
552 3.0978877630870203 0.0 0.6535038303195067 0.25136763216287217 0.0 0.0
553 0.0 0.4543109497659423 0.0 0.154430826614778 4.110167833784506 0.2871530778456072
554 0.0 0.17588326588316405 0.0 1.0120482145470118 1.2740590664661198 0.0
555 0.0 0.42841197615233606 0.6064954544242238 1.3081191798473046 0.3019099207040764 1.4269039638656125
556 0.0 0.0 0.0 0.0 0.723997089230225 0.0
557 0.07019478818190587 2.7268773694839075 0.8309565466029629 0.0 0.28738006448399467 0.19948314262702826
558 1.6016869202802857 0.3901958039829825 0.8910968147791554 4.113215559592223 0.0 0.0
559 0.0 0.0 0.0 0.012158224625228444 1.3109553210581215 0.0
560 2.4615281000891116 0.0 0.49323604018729406 0.0 0.0 0.0
561 2.0006482816455677 0.0 0.0 0.0 0.0 0.0
562 0.0 0.0 0.0 0.0 0.0 0.4050359999955881
563 0.0 1.8917119234109887 0.0 1.7091925123042326 1.4879057153103126 2.0648301242731755
564 0.0 0.10441654670286922 0.0 0.0 0.28681445146049 1.2726304535656672
565 1.582139675973437 1.8037386896518117 0.39412129860067724 1.3118281160756333 0.0 0.0
566 1.170020749983519 0.7466803908374849 2.7279016767773956 0.0 0.0 0.0
567 0.0 0.0 0.0 0.0 1.1847225096494591 0.0
568 0.0 0.7776090195383552 0.0 0.0 0.0 0.0
569 0.637771583359914 0.6496567830866747 0.10576413355319454 0.9419493606689383 0.0 0.0
570 0.0 0.0 0.0 0.0 2.895988356920901 0.0
571 0.0 0.0 1.1128880705703665 0.0 0.8554357341171462 1.6721322197053197
572 1.6945240137872117 0.0 0.0 0.2804396352435103 0.0 1.16892157952605
573 0.0 0.0 0.0 0.0 0.4607254204192341 0.0
574 1.2164692400403978 0.8145267028089442 1.0127178442388254 1.9508232799663627 0.0 0.0
575 2.486220654509868 0.769993246406786 3.4568119864057154e-07 0.8945450683653995 0.0 0.0
576 1.0070481502248998 0.0 0.35699620478653304 0.0 0.0 0.0
577 0.0 0.0 0.4457746931421854 0.0 0.0 0.0
578 0.0 1.2088926677677878 1.1307195222941122 1.2501160635896313 1.1526563558536884 0.0
579 0.39191806875174273 0.29310504246697533 0.7880673141567367 0.0 0.0 0.0
580 0.0 0.0 0.0 0.0 0.39490750321648643 0.0
581 0.8900876510652858 2.858775977226637 0.5478536521378436 0.0 0.0 0.0
582 0.0 0.0 2.6746481588531124 0.0 0.0 0.0
583 0.0 0.0 2.2288734657109273 0.0 0.0 0.0
584 0.0 0.0 0.5193037207680562 0.0 0.4939740092590469 0.0
585 0.0 0.8605957469671064 0.0 1.6144033370844215 2.9230509983181614 0.08453710279757398
586 1.768717511899234 0.0 0.9611706771590668 0.28042184787414237 0.0 0.0
587 0.0 0.19440225488458884 0.0 0.0 0.0 0.0
588 0.0 1.0349275151679682 0.0 0.0 0.348750803534625 0.10672695803277966
589 1.8878799457224984 0.31965490634927257 1.1948897349078644 2.71104845298055 0.0 0.0
590 2.075350545926316 0.7797985418723954 1.0244857103553315 0.0 0.0 0.0
591 0.0 0.4549672376246855 0.037053348374550835 0.0 0.029499052853318226 0.9742903853906595
592 0.0 0.0 0.4457746931421853 0.0 0.0 0.0
593 0.0 0.3149627780041905 0.0 0.0 0.36305392544776205 2.1511102420046186
594 0.0 0.0 0.3297788791082278 0.0 0.5121052071236165 0.0
595 0.5045394907422377 0.0 0.06273027499214869 0.0 0.11461961879641222 0.6605040409253864
596 0.0 0.0909579588962473 0.0 0.0 2.565619643641069 0.41350770423841243
598 0.0 0.0 0.0 0.0 1.5067732576597517 0.4158650527471003
599 0.7554803749758134 0.3070831376589448 1.880764466617591 3.7371340683601493 0.0 0.0
600 0.0 0.0 0.2637719902865123 0.0 0.4146763491459693 1.2074624986511984
601 0.1440112156962309 0.7760828952280934 0.2698446109317012 0.0 0.13902053997896502 0.0
602 1.949988850207764 0.0 0.5548890051750375 0.0 0.0 0.0
603 1.3083177261585055 0.0 0.9024904639033292 0.438681259050883 0.0 0.0
604 0.7407021542432172 0.0 2.7137721641971098 0.0 0.0 0.0
605 0.0 0.0 0.0 0.0 2.237809184893423 0.0
606 0.20976931388177716 0.0 2.520013457840563 0.0 0.0 0.0
607 0.0 0.8618677315571837 0.9112956463199559 0.0 1.720273588108468e-05 0.0
608 0.09486478611546231 1.8606504014937737 0.0 3.255291803966359 0.9559852010456613 0.807916261017291
609 0.0 0.0 1.7156641523990404 0.34027864291898346 0.05050612420909313 0.748198203651196
610 0.40849119959168845 0.0 1.0918558090279629 0.0 0.0 2.301694361064381
611 0.0 1.1057433069253861 0.17659891475989078 0.0 1.0159447383867346 0.0
612 0.0 1.132133008263874 0.0 0.2903668604095675 0.6348332338941631 1.1894761870305763
613 1.718969570279893 0.0 0.5239564763928941 0.0 0.0 0.36016465480619253
614 0.0 0.0 0.0 0.0 0.3949075032164863 0.0
615 0.0 0.8213119320488024 0.18482290369647356 0.0 1.4681709924526265 0.0
616 0.0 0.3219868205028664 0.0 0.0 1.5836914254562866 0.4683947709341862
617 0.0 0.6579433851833207 0.0 0.0 1.7264772660573091 0.0
618 2.831389346044689 0.0 0.36313850749177523 0.8167081517615862 0.0 0.0
619 5.205691466634272e-06 0.0 0.4875704587492968 0.0 0.0 1.8954312750953668
620 0.0 0.0 1.4553624300637766 0.6228842984466326 0.0 0.0
621 1.7739345768014885 0.0 0.3745739980683881 0.0 0.0 1.3938761073283283
622 0.0 0.4665822972427065 0.0 0.0 1.066238824972103 0.0
623 0.0 0.0 0.4457746931421853 0.0 0.0 0.0
624 0.0 0.7537569508120969 0.0 0.0 1.5957809930638975 0.0
625 0.0 0.0 0.0 0.0 0.8556329236357204 0.0
626 0.0 1.1264716132794863 0.0 2.852192340727976 2.1820849248029703 0.0
627 0.0 0.0 0.2971831287614569 0.0 0.0 0.0
628 0.5457199170064985 1.6532123342909093 0.6399374892636739 0.12292911726969688 0.11413041939673038 0.6288939496143531
629 0.0 1.0692124018652382 0.0 0.0 0.0 0.0
630 0.0 0.4339846091864179 0.3033973124836762 0.7543711501614944 0.5528686134160705 0.0
631 0.47763875376820947 0.2560117450308831 0.0 0.0 0.0 2.880074005286086
632 0.0 0.0 0.3365786962247852 0.0 1.364726184543974 0.0
633 0.0 0.0 0.46477235854512944 0.0 0.0837702384061065 0.26321174014534005
634 0.04611120179007398 0.45449640159774335 0.1777315942309287 0.0 0.0 0.45158084571502943
635 0.0 0.38680807736410144 0.756766363678568 1.8039495074614804e-06 1.706500465284046 0.0
636 0.0 0.0 0.0 0.22139339363806146 1.8103340504920342 0.0
637 0.0 0.0 0.0 0.0 1.051742958097942 0.20458527073910882
638 0.0 1.4084237028036455 0.7585169706846698 1.3746520753975513 0.0 1.9364834472115167
639 0.0 0.850266302136501 1.1605851535116616 0.7758512270147975 0.38899799750413655 0.6372523805683621
640 0.2683649216261765 0.8091712625179912 0.11689536934458522 0.0 0.1973596155912102 0.0
642 0.38788367285152126 0.0 0.0 0.0 0.0 1.9621472063336463
643 0.5077288609813159 0.0 1.179889080435774 0.5284862507617178 0.0 0.6208770965801298
644 1.6174956797873237 0.0 1.271039236560679 0.0 0.0 0.0
645 1.041919316795596 0.0 0.43047947753915716 0.0 0.0 0.0
646 0.0 0.0 0.14859156438072846 0.0 0.0 0.10125899999889702
647 0.0 0.0 1.592052349529306 0.0 0.08462309220510154 0.0
648 0.20950365347732322 0.0 2.419700171731804 0.5015162124760364 0.3483600688241643 0.0
649 0.0 0.7483942089334114 0.0 0.0 0.5463255977262353 0.0
650 0.0 0.0 3.3527535811042357 0.0 0.0 0.14545322571898475
651 0.11502340322881963 0.0 0.7403690126137644 0.9577792882312547 0.18977578222326058 0.0
652 0.2530667551022927 0.0 0.0 0.11164261078817789 0.6596409662070154 1.7776744208540978
653 2.828502743016147 0.0 0.0 0.0 0.0 0.0
654 0.0 0.6841102792344377 0.34387786331643316 0.2798072170800099 3.1839524816618328 0.8488828349033063
655 0.20856382994156358 0.0 1.9282436674920698 0.0 0.0 0.0
656 0.3318915077572177 2.4214067605295204 0.1898746548089565 0.0 0.0 0.0
657 0.0 0.21333273913822737 0.2714247616685349 0.009871668145184736 0.9814729862399755 0.0
658 0.0 0.1578958186126817 0.05580746456699744 0.0 0.0 0.0
660 0.0 0.0 0.14859156438072846 0.0 0.0 0.0
661 0.0 0.0 0.14859156438072846 0.0 0.0 0.0
662 0.0 1.4717984060468998 0.0 2.1395078546409696 0.2864076252469625 2.537659386955792
663 0.0 0.2966605312898397 0.0 0.0 1.5103877422582084 0.0
664 0.0 0.0 0.1571355474501612 1.7871994391259933 1.9612243405540677 1.121734840394058
665 0.0 0.0 0.4312967673446336 0.0 0.0 0.8199381070910517
666 0.0 1.1195018959139478 0.0 0.0 0.03913269604417145 0.08992451795692687
667 1.0180526733622501 0.0 2.0047851298679484 1.147997486615483 0.0 0.0
668 0.0 1.7220876324926055 0.0 0.0 1.7299090716928207 0.0
669 0.0 0.0 1.3625581761981063 0.19665212925758746 0.6434916064275318 1.0860602688062075
670 0.0 0.0 1.324573097198671 0.0 0.0 0.8187612665372306
671 0.3572951091492273 0.0 1.1621197175992477 0.0 0.0 0.0
672 0.0 0.0 0.0 0.26691214008822284 1.9406857972882368 0.5784090409964631
673 0.0 1.284385243284803 0.5434712222456825 0.6481324597019652 0.5102691452344923 0.0
674 0.0 0.0 0.616654648285857 0.0 0.4508528851650851 0.0
675 2.0776691844742357 0.7258105290423494 0.0 0.0 0.0 1.1560192110097636
677 0.0 0.0 1.337324079426556 0.0 0.0 0.0
678 0.3385964935658589 0.9533184041125438 0.4837671688193404 1.1119394704913974 0.16592204383896192 0.0
679 1.5912925818949009 0.0 0.28733660189151555 0.0 0.0 0.0
680 0.0 0.0 2.0802819013301983 0.0 0.0 0.0
681 0.0 0.3271918948571228 0.17872197321298589 1.512154241567251 0.1461988123352857 0.0
682 1.7936846663029227 0.0 0.0 0.0 0.0 0.0
683 2.095808522275115 0.8104840068742039 0.0 1.2266361003387418 0.0 3.540541828939985e-05
684 0.0 0.0 1.265666421511097 0.0 0.031740414170066886 0.0
685 0.0 0.0 1.7830987725687413 0.0 0.0 0.0
686 0.0 0.0 0.0 0.0 2.751861431256979 0.1204761898383598
687 0.14209113115225583 0.4824549560275661 0.4423385777439133 0.0 0.0 0.0
688 0.2816669782599833 0.0 2.5137461151483116 0.0 0.0 0.0
689 0.0 0.0 0.5749792645161453 0.0 1.373357155356639 0.4318153776318698
690 0.0 0.1839577559866726 0.511360072261418 0.0 0.8887101338186763 0.016557456055902704
691 0.0 0.0 0.22146134534114328 0.0 0.0335405989725819 0.0
692 0.3609822512841521 0.0 1.0055864932748306 0.0 0.0 0.0
693 0.0 0.0 0.14477959849977637 0.0 0.06750640911531247 0.0
694 0.40352999889029917 0.0 0.0 4.159193897582754e-06 0.0 4.369395002477825
695 0.2827953855069354 0.5735639880062894 0.0 0.0 0.0 0.0
696 1.7661781321330958 0.0 0.3564288894651405 0.0 0.0 0.0
697 0.0 0.7392893272107481 0.12144289002898662 0.09398004810783553 0.0 0.29794436487957904
698 0.7619570162447856 0.0 1.033484543974632 0.0 0.0 0.0
699 1.9692761367475131 0.0 0.0 0.5116747000370602 0.0 0.0
700 0.0 0.5417358744430953 0.0 1.5873010383981705 1.9554133551982793 0.0
701 0.0 0.0 0.0 0.0 0.06581791720274772 0.0
702 1.6818892249388653 0.1347964259724548 0.0 2.9967701670391507 0.0 0.0
703 0.0 0.0 1.6428477697611545 0.23042939809245902 0.0 1.1531420929595295
704 0.0 0.5004285813437269 0.3834957429288704 0.0 0.3469095211778742 0.0
705 0.6714458614659419 1.2895858075080362 0.0 0.0 0.0 0.0
706 0.0 0.16788734876093622 0.458001705663172 0.0 2.264316849928009 0.28228533439435266
707 0.0 0.4625510739833478 0.0 0.0 0.8715147404540673 0.0
708 1.961607362282362 0.0 0.5298641299270475 0.0 0.0 0.0
709 0.0 0.0 1.762566212637885 0.0 0.009094798450515775 0.0
710 0.0 0.6891526598522195 0.0 0.5142749492856058 1.805894183226054 0.0
711 0.0 0.9777706514324986 0.1779493165188193 0.0 0.18055002287557764 0.0
712 0.0 0.0 0.15417446622820605 0.0 0.12916291494280752 0.0
713 0.0 0.4220394175386821 0.0 0.0 1.8012993950292011 0.43441756747353244
714 0.2880211682236865 0.0894231307132169 0.17577037464605386 0.0 0.0 0.07312483873021966
715 0.0 0.0 2.795001236779819 1.361115343565406 0.0 0.0
716 0.6941567352713947 0.0 0.0 0.0 0.0 2.4239368126460175
717 2.932827459319605 0.0 0.0 0.0722442123705787 0.0 0.0
718 0.26679201279368947 0.0 0.954482079076898 2.896033727220006 0.0 2.6484967876549925
719 0.7385964925005695 0.5408541609278521 0.0 1.936737674707021 0.0 2.0913009386654657
720 1.0094036399697661 1.5155640504308474 0.0 2.7809207233864326 0.0 0.0
721 1.4419235378211088 0.0 0.0 0.0 0.0 1.7314158551078
723 1.5867210509602778 0.0 0.0 0.0 0.0 0.0
724 0.6079194116483211 0.0 2.7025870657504107 0.0 0.0 0.0
725 0.017939865318941147 0.42976109030507037 0.16606474883404757 0.0 0.6714089089726596 0.0
726 0.0 0.2783615783696298 0.0 0.0 0.0 0.21631261187293865
727 0.0 1.8192603723727796 0.0 0.0 0.2205375974660518 0.19571580245051384
728 0.913985067998665 0.0 0.0 0.0 0.0 2.8100902411981337
729 2.4095884071874467 0.4880379269518843 0.08065601137776499 0.5196472416877699 0.0 0.0
730 0.7997489256658371 0.0 0.4885760204155767 1.1820137734675706e-05 0.0 2.0372573216836156
731 0.0 0.08006664366942415 0.0 1.7140624264035016 2.8614506274416502 1.3293220760293054
732 1.2280953308341 0.0 0.9210281594676031 0.0 0.0 0.0
733 1.0421146933348415 0.2895854578433229 2.234735631415414 1.4951788239119197 0.0 0.18027394650222361
734 0.0 0.6833866420622333 0.20851220661622516 0.2877308102696764 0.3701193791734918 0.0
735 0.0 0.0 0.0 0.0 0.20004505593867908 0.09727235173738384
736 0.7917153230718355 0.10139668100612834 0.5698675555667709 2.761549546786301 0.0 0.0
737 0.0 0.6205587749478054 0.16046897167964905 0.0 2.142698814424649 1.5169452964053698
738 0.0 0.0 0.7681252949335133 0.08912187862991774 0.4235762832408329 1.497955997777122
739 0.0 0.0 0.0 0.0 2.171991267690675 0.0
740 0.0 0.0 0.8394676586159147 0.0 0.14086839796620712 0.0212875040803544
741 0.0 0.1715281332513164 0.1125006826131848 0.38393868599453357 1.0218617892789008 2.0616669140413
742 0.6736035445777213 0.0 0.23302414688831746 0.09889063521649977 0.0 0.0
743 0.0 0.6923760178090494 0.4556908544558926 0.0 0.0 0.3858107853904372
744 0.0 0.686917573217805 0.0 0.8301326196322119 3.2025069614172197 0.3717250216384581
745 1.023662703072699 2.083404185719007 0.0 0.8589391081642606 0.0 0.6002962843570476
746 1.3772077296350917 0.0 0.7484495814097197 0.0 0.0 0.0
747 0.0 0.8370930970686064 0.0 0.0 1.0128081497495736 0.0
748 1.5317120017325887 0.0 0.9307100537883304 0.0886899577132854 0.0 1.8160807859424057
749 0.0 0.0 0.27697029842027887 0.13144372439360877 0.08217641396343937 0.0
750 0.0 0.0 1.1309540890350727 0.0 0.28886434410941564 0.0
751 0.0 0.0 0.0 0.0 1.5772212096179976 0.003705875519122939
752 0.0 1.1548583745068388 0.0 2.97320064311236 2.6170963631095723 0.3322928238626414
753 0.0 1.0058108345690804 9.13222125198518e-05 0.0 0.26770889106852563 0.36293663069260507
755 0.20986813699506277 0.5240137401531038 0.8500740949316758 0.060564292926164436 0.08966918739467292 2.0327432508643906
757 0.0 0.7013876511144834 0.0 0.0 0.0 1.091993395281178
758 0.85459361920706 0.805460525356515 0.6427882428734597 0.0 0.0 0.0
759 0.5556748200757589 0.0 1.3599053272590695 0.0 0.28988486965303656 1.862052920356232
760 0.0 0.8262580496095113 0.0 0.0 2.0074136566054985 0.0
761 0.0 0.0 0.14859156438072846 0.0 0.0 0.10125899999889702
762 0.5290626054210303 0.0 0.7921532246212557 0.0 0.0 0.0
763 0.0 0.0 0.9362262035515667 0.0 0.22277093501950265 0.03186382942257685
764 0.08026099648005364 0.5818109978267618 1.4637684029875118 0.0 0.0 0.0
765 1.296476620642667 0.0 0.34245146764206147 0.2817793993392071 0.0 0.0
766 0.0 0.0 0.0 0.4827277789559595 2.697226019238353 0.17827440446022225
767 1.0253037294496627 0.12159301946946734 0.0 0.871905399646737 0.0 0.0
768 0.6397481128644591 1.353075567927732 0.5159859924164747 0.0 4.2569251892693764e-06 0.13505039122254475
769 1.8867701059855682 0.0 0.8396461282208831 0.0 0.0 0.0
770 0.0 2.31100420641152 0.0 0.0 1.7260427816265853 0.0
771 0.0 0.5021137754738855 0.0 1.0406721393207325 0.6409936272897054 0.2094977692749985
772 0.0 0.3436164109296164 0.0 0.0 1.4213282679656898 0.18935832179283496
773 0.0 0.2775259726846629 0.9849336386841011 0.0 1.5477981618439114 0.0
774 0.0 0.5137230925652999 0.0 0.24876474175576324 2.5751022089946614 0.09220490026891692
775 0.4845534778313606 0.0 1.333795216276095 0.0 0.0 0.0
776 0.0 0.0 0.0 0.14948084048521948 0.0 2.935572167831677
777 0.5475730448017477 0.667456180905739 0.0 3.4355064778829636 0.0 0.0
778 0.5842492129077083 2.2017021975904325 0.0 2.1460171836703665 0.4864312573742558 0.0
779 0.34201796989201505 0.4808147437475523 0.0 0.5749669941540398 0.9176959089064431 0.7362250099311797
780 0.0 0.29160338232688326 0.0 0.0 0.0 0.0
781 0.19753589474557137 0.0 0.43075400754770055 1.6579829172197895 0.4327981099261232 1.9712708544877375
782 0.2852980840402679 0.0 0.2770516850505123 0.0 0.0 0.0
783 0.0 0.0 2.3071265473567486 0.0 0.09697400908526531 0.0
784 0.7573036635490086 0.0 2.0836482557255778 0.0 0.0 0.0
785 0.0 2.24221421525351 0.0 1.0469863937977346 0.8466243825962259 0.0
786 2.3673361712359404 0.0 0.9160499390679031 0.0 0.0 0.25515883494871405
787 2.003889249325502 0.0 1.1355868557333602 2.2676293621316645 0.0 0.0
788 0.05447707225384691 2.186439756019721 0.1796074827308284 2.1013590781992586 0.15266978541306464 0.0
789 0.0 0.0 1.1329312028148864 0.0 0.09053483948246968 0.0
790 0.0 0.0 0.0 0.0 0.0 0.20251799999779402
791 0.0 0.0 2.228873465710927 0.0 0.0 0.0
792 0.8511146820056104 0.0 0.0 0.9002579633704888 0.0 2.4893951110701678
793 0.0 0.0 2.527557559320293 0.4428268637654137 0.0 0.0
794 0.0 0.0 0.15731173931766165 0.0 1.378313701802295 0.0
795 0.0 0.0 0.0 0.0 0.07022235508956316 2.1196628971323435
796 0.0 0.0 0.6440392689263303 0.0 0.17545133064049387 0.0
797 1.3902522710953646 0.0 0.0 0.0 0.0 0.3896318931838377
798 0.9929702393337076 0.2077089049534087 0.2183848609468202 0.0 0.0 0.0
799 2.0696361534264494 0.0 0.0 0.0 0.0 0.0
800 0.0 0.0 0.0 0.0 0.5265433376219818 0.0
801 0.0 0.0 1.93169033694947 0.0 0.0 0.0
802 0.0 0.573346467072096 0.0 0.0 0.0 0.41530793715397385
803 0.0 0.0 0.0 0.2962152936179472 0.06581791720274772 0.0
804 2.52399031319541 0.0 0.0 0.9499623688731467 0.0 0.0
805 0.0 0.0 0.5943662575229138 0.0 0.0 0.0
806 2.6028108625061455 0.0 0.0 0.918208756619677 0.0 0.6148312686270725
807 0.0 1.255361840886246 0.0 1.9942949472530314 1.688021930614678 1.5161395971983902
808 1.9056462043371454 0.2310552207105802 0.0 0.0 0.0 0.0
809 0.97437778163938 0.36483717196865084 0.3154115971414315 0.0 0.0 0.0
810 1.9817539557158779 0.0 0.9322454880097473 0.0 0.0 0.0
811 0.0 0.0 0.3812322243134572 0.005418302670007514 0.618542177590433 0.0
812 0.0 0.0 2.652329336657491 1.503322604663624 0.0 0.0
813 0.0 0.0 0.644774424684288 0.0 0.3725794485493408 0.0
814 0.0 0.21649120386049694 0.0 0.0 0.3799503864314455 0.0
815 0.0 0.0 0.0 0.7772062532308526 3.455847741332208 0.4299698258440166
816 0.9717654634344997 2.623595897357823 0.27700559409417963 3.2670094673793937 0.0 0.0
817 0.0 0.3844474462456775 0.3038437807734148 0.0 0.0 0.0
818 0.0 0.0 0.0 0.7836966467740043 2.309965921890787 0.16325913916668938
819 0.0 0.0 0.0 0.0 1.974537516082432 0.0
820 0.0 0.0 0.21555643392056328 0.0 0.0 2.28332321347457
821 0.0 0.23657327709393383 0.24184939189702678 0.0 1.838856178334996 0.0
822 0.0 0.0 0.0 0.0 0.5923612548247297 0.0
823 0.0 0.0 0.14859156438072846 0.0 0.0 0.0
824 0.770895981937091 0.09609391535977979 1.164515250590282 0.0 0.0 0.0
825 0.0 0.8892983382269504 0.0 0.0 0.03964436324817548 2.556649238525222
826 0.0 0.2973104890661322 1.9155580126329326 0.0 0.092449910544502 0.47037058200262294
827 0.0 0.0 0.0 0.0 1.8429016816769368 0.0
828 0.0 0.0 0.0 0.0 1.1789804850236392 0.008833942128379759
829 0.0 0.0 0.6845727775672461 2.5545582851565944 0.12467879343587372 0.1266386147621045
830 0.0 0.0 0.7839584850086181 0.0 0.0001516989682495008 2.3007833607776407
831 0.0 0.9836988302141181 0.0 0.0 0.9135368320238825 0.0
832 0.0 0.0 1.0972403005964702 0.0 0.0 1.1761971567048182
833 0.0 0.0 1.4141715839761138 0.0 1.2823191123343647 0.0
834 0.0 0.0 0.0 0.1481076468089736 0.0 0.0
835 0.0 0.0 1.7216807471041828 0.0 0.22465856994116631 0.0
836 0.0 0.0 0.0 0.6461776104734703 0.970448476649397 0.6979444840338849
837 0.23032217457999676 0.38347399330228205 0.5036193986233177 0.0 0.08733801365844081 0.0
838 1.446676935807997 0.0 0.06984350711481024 0.3517784310385378 0.0 0.8287837626276195
839 0.42491190134189505 2.7181083532872448 0.0 3.7092087903136033 0.7788243731941374 0.0
840 2.3780908213115346 0.0 0.7206649621208026 2.283678825925133 0.0 0.026310830815275806
841 0.18857635776147433 0.5165878377947455 0.6368003674777933 2.0912156462072913 0.0 0.46040033283464443
842 0.0 0.0 0.2971831287614569 0.0 0.0 0.0
843 1.6210628699398462 0.0 0.3720413486064629 2.813811257875053 0.0 0.0
844 0.0 0.0 0.0 0.0 0.06581791720274772 0.0
845 0.0 0.34788765354944684 0.0 0.3564704624039291 0.0 4.15304845473676
846 0.0 0.0 0.5146082541186348 1.7498665321326583 0.4812339795170836 2.9780611631870153
847 0.0 0.2109782375404698 0.5093619122154787 0.2862689751406843 0.42575572165928033 0.0
848 0.0 2.5006075795673244 0.16480115871928017 0.0 0.2083001968842383 0.0
849 0.0 1.1422940327657969 0.0 0.0 0.7403291531489113 0.0
850 1.1482464525529488 1.2623209527057484 0.4350911317271885 3.9161187170635663 0.0 0.0
851 0.0 0.7522423708547245 0.0 1.696428966182816 2.356738465929853 0.0
852 0.0 0.6143495672105443 0.3090937134240872 0.0 2.377274129172867 0.3524316393666269
853 0.0 0.4486030612190012 1.245909910255464 0.0 0.0 0.0
854 0.0 1.3797969186647316 0.196017086907141 1.1209718054802436 0.38943983002463717 0.0
855 0.0 0.0 0.0 0.0 1.794319686774066 0.2772600220928171
856 0.12306592381906248 0.054095400204955624 0.28102447375382805 0.43140315509954474 0.7803088974679631 0.0
858 0.0 0.0 0.18481694543638916 0.0 0.04977205927739237 0.0
859 0.0 0.0 0.38892303704626513 0.0077642952975809825 0.8115467794031844 0.0
860 0.0 0.9142666926780469 0.0 0.4363898165883988 2.5241487727363277 0.23260767441143143
861 0.0 0.4646033012746728 0.0 0.0 1.0685198468440946 0.09981132596534936
862 0.10112299991064747 0.6636842763611529 0.0 0.0 1.757749309907056 0.0
863 0.0 0.0 8.977315732817143e-05 0.8663719223659976 0.9687864477682397 2.7775947085926997
864 0.9191285828170672 0.5518063382014512 0.0 0.0 0.0 0.0
865 0.0 0.0 1.275950534117535 0.0 0.0 1.358190530482016
866 1.8158852344312029 0.0 0.5377291844899529 0.30500629439435817 0.0 0.0
867 0.0 0.0 0.0 0.0 0.06581791720274772 0.0
868 0.0 1.1664285223032074 0.0 4.355200951040909 1.026377784135823 0.0
869 0.0 0.261924266745605 0.0 0.0 2.5888876347824645 0.8071608910337034
870 0.4036374244922575 0.0 0.0 0.0 0.0 0.21762116898086256
871 0.6158150696499087 0.0 1.1559868708936625 1.3765035988374104 0.0 8.413409571153453e-07
872 1.4702569190250183 0.0 0.0 0.17874372290726367 0.0 0.35251626188725615
873 1.0103478932981544 0.0 0.0 0.0 0.0 0.4409528392665496
874 0.0 0.0 0.24487702066393732 0.0 0.3131443623982571 0.16143472195604064
875 0.0 0.0 0.14859156438072846 0.0 0.0 0.0
876 0.054975170662109676 0.5035236040949431 0.5188510735568099 0.0 0.0 0.5600737380005153
877 0.0 0.0 0.0 0.0 1.974537516082432 0.0
878 0.88719441993432 0.0 1.0449316262921113 3.4224135698872615 0.0 0.0
879 2.0249822662362766 0.0 0.7109572511427549 0.0 0.0 0.9986801348634387
880 0.0 0.0 0.0 0.0 0.2632716688109909 0.0
881 0.0 0.0 0.0 0.0 1.1847225096494591 0.0
882 0.4891245321581035 0.0 0.4839580556908273 0.0 0.0 1.3824915440007313
883 0.0 0.7769609617004085 0.17901073868984674 4.912964780025112 1.2721489989263892 0.3343634238479939
884 0.0 0.465253726089617 0.47749818255661525 0.0 0.0 0.0
885 0.0 1.0509327977628167 0.18017377638857365 0.7369119389296348 0.0 0.0
886 2.1030783409051943 0.050082434791575266 0.0 0.0 0.0 0.0
887 0.278334408145938 0.0 0.20623141516672291 0.0 0.0 2.0836622245559386
888 0.0 0.0 0.2138707645801563 0.0 1.2718752886166207 0.023950847288928042
889 2.1813630905156045 0.3543326805188178 0.32352611022687877 0.6766215272178645 0.0 0.8089986493809327
890 0.0 0.0 1.0401409506650992 0.0 0.0 0.0
891 0.42186159427166836 1.4785482701329298 0.10011557095871847 0.0 0.0 0.0
892 0.0 0.0 0.0 0.0 0.2632716688109909 0.0
893 0.0 0.0 0.6790988505182628 0.6560815893566904 0.0 0.0
894 0.8773160681202051 0.0 1.2307897374620027 0.0 0.0 0.0
895 0.0 0.07580241253746986 0.3638514222630639 0.27106246358100483 2.5120368309914607 0.3822375246922127
896 0.0 0.33369659662735174 0.0 0.13301311388821058 2.9316285780954106 0.11415595096311534
897 1.4487453073985146 0.0 0.0 0.0 0.0 0.0
898 0.25553115385694053 1.184343734464906 0.0 0.16462666960209688 0.0 0.0
899 1.536961897017838 0.0 1.6548015487202414 1.5676744056954406 0.0 0.0
900 0.0 0.8008957098219148 0.0 0.4587543175698935 1.794956328825628 0.4446732041321927
901 0.6939769107761086 0.5158124496147409 0.0 1.1306455654994552 0.0 0.0
902 0.07993543675537093 0.0 0.1250118283528396 0.0 0.0 0.0
903 0.07216572275376623 0.7329569623813652 0.0 0.6619348687993605 0.6544954664744997 0.0
904 0.0 0.0 0.7285441675699073 0.0 0.10875494700514626 0.24754190545934382
905 0.3567188360597161 0.34529701706970123 0.0 0.0 0.0 2.762027129786806
906 0.0 1.2047770137746328 0.0 0.6515377428847848 2.3168621511294534 0.0005215155280545527
907 0.0 0.0 0.0 1.1970917929655118 2.6272814938258735 0.0
908 1.9986882207012169 0.3078864316326304 1.2749809731220219 2.1150442496354724 0.0 0.0
910 0.0 0.0 0.8915493862843707 0.0 0.0 0.0
911 0.2606190181806056 0.0 1.3703483703234225 0.0 0.0 0.0
912 0.0 0.28979023221172173 0.15136333070853045 0.0 0.0 0.0
913 0.0 0.0 0.0 0.0 0.4675205153067937 0.09080493912224585
914 0.0 0.0 0.33963777574186255 0.0 0.1128307531650248 0.0
915 0.224527719908793 0.0 0.7051268567345748 0.0 0.0 0.0
916 0.0 0.0 1.6345072081880132 0.0 0.0 0.0
917 0.0 0.3567050062058677 0.0 0.0008413438749956437 0.6795408609201401 0.0
918 0.0 1.0427209577493384 0.0 0.0 1.0052069416948641 0.0
919 0.0 0.0 0.1134624148818275 0.0 1.4635542960222379 2.6135486666819885e-07
920 0.0 2.1610784393513507 0.0 0.0 2.288287618358998 0.0
921 1.2489592505273104 0.0 0.4654343158371105 0.4093180941376118 0.0 0.0
922 0.0 0.8530631353461783 0.3845600733664797 0.0 0.041840301102211416 0.0
923 0.0 0.48600563721147205 0.0 0.0 0.0 0.0
924 0.18652111365420998 0.0 0.0 0.30070357995149044 0.46208142480843895 2.050030340570494
925 0.0 1.0882748124356656 0.0 0.0 0.6452714188601696 0.0
926 1.3646502989649965 0.0 0.0 0.20553929908941132 0.0 1.7043117806802426
927 0.0 0.0 2.1646071814547696 0.3602722821152732 0.0 0.0
928 0.09644184503898398 0.4267336062169606 0.20179026002638178 0.0 0.05619627520013731 0.0
929 1.9138354127579695 0.0 0.3355760250314209 0.0 0.0 0.0
930 1.4287824381397392 0.0 0.0 1.6272636368465578 0.0 2.460830097218855
931 0.8215333457918179 0.2276649989663699 0.4085407889382356 0.0 0.0 0.0
932 0.5582338460992198 0.0 2.215237530464291 0.0 0.0 0.0
933 0.0 0.0 0.0 0.0 0.4581406549840376 0.10523558835543018
934 2.133870185137785 0.0 0.17593896578147583 0.03373417144162645 0.0 0.26905491577461405
935 1.3378565215854077 0.6299248321197022 0.0 1.0555237136067235 0.0 0.0
936 0.0 0.8570350390854802 0.0 1.2911218315144966 3.245362271873966 0.5222154691682832
937 0.0 0.0 0.1576829555951237 1.9659153282638235e-07 0.5883341795447645 0.0
938 0.5112848897714002 3.441312965303659 1.2351348826107507 0.0 0.11289535082127439 0.7247287486100187
939 0.0 0.0 0.5943662575229138 0.0 0.0 0.0
940 0.0 0.4189700675236037 0.6696911787235159 0.0 0.14366290016933664 0.0
941 0.0 0.0 1.4741619345563985 1.34468425227229 0.0 0.0
942 0.0 0.19440225488458884 0.0 0.0 0.0 0.0
943 0.37907607556252154 0.0 0.37224831814163883 0.0 0.0 0.0
944 1.2274315197909167 0.17567855072442945 0.0 1.2441988058796465 0.0 0.0
945 0.0 0.8210474446192974 0.19889238921324165 0.0 1.0013926539349625 0.0
946 0.6273677561470388 0.0 0.580415773443512 0.0 0.0 0.0
947 0.3748750058466538 0.15204867841212225 0.0 0.0 0.0 1.7215857827913341
948 0.0 0.4083866434722778 0.0 0.0 1.4347345045385718 0.0
949 0.0 0.5214958714717812 0.0 3.4466481610836093 3.0359123740131784 0.6316248198644097
950 0.0 0.0 0.0 0.0 0.0 1.4176259999845582
951 1.3667712910292231 0.0 0.1971748235156768 2.2010691631111565 0.0 0.0
952 0.0 0.0 2.5367340282993003 0.0 0.4559959025728699 0.0
953 0.0 0.480023126330561 0.0 1.9590007962422116 2.292745844564393 0.0
954 0.0 0.0 0.0 0.0 0.06581791720274772 0.0
955 0.0 0.0 0.0 0.0 1.513812095663198 0.0
956 0.0 0.0 0.0 1.3307800403614705 0.2642443464844586 0.0
957 0.0 0.0 0.0 0.0 2.04035543328518 0.0
959 0.0 0.0 0.0 0.0 1.5796300128659455 0.0
960 0.0 1.0645423616423646 0.15980591893669055 0.9294977254598167 0.8468734366969123 1.1978773053095766
961 1.3107695638367514 0.0 0.0 0.0 0.0 0.0
962 1.1869796208464538 0.5150206308595849 0.0 0.1421107573922503 0.0 1.4719370660160178
963 0.0 1.0692124018652382 0.0 0.0 0.0 0.0
964 0.0 1.001380089308924 0.18938776892000025 0.0 0.4885863142571254 0.0
965 0.0 0.2896156204790821 0.5972725307104894 0.0 5.86558889097757e-05 0.0
966 0.0 1.3819985650261413 0.1575533638761266 1.3832159554045167 0.0 0.03873158265479835
967 0.0 0.0 0.0 0.0 0.1974537516082432 0.0
968 0.8114628972301545 0.0 0.0 1.2200516496913698 0.0 0.0
969 1.5460709281798353 0.0 0.6819113907875287 1.0300155284157301e-05 0.0 0.0
970 0.0 0.0 0.0 0.0 1.9087195988796846 0.0
971 0.0 0.0 0.7583120759888122 0.24470687017052273 2.8211812827386736e-05 3.163737852994254
972 2.1981766032556402 0.0 0.027687644500161417 0.7331970615942959 0.0 0.0
973 0.0 0.5821695948283023 0.18733162813918974 0.0 0.38969900251860357 0.5902478496581066
974 0.0 0.7000820683193353 0.4917947241324432 0.0 0.032111567515853125 0.0
975 0.0 0.0 1.6139651927141347 0.0 0.5356423243597016 0.0
976 1.0314467294197156 0.41621615844690363 0.0 0.02331098568165833 0.1059317616765103 0.0
977 0.04075042502163169 0.7238300379172344 0.7672850103433124 1.3913358221302479 0.5416357056790138 0.5240636497095876
978 0.0 0.17917486188712042 0.0 1.132300026794891 0.1756374214571534 0.08536217578664625
979 0.20652355896897473 0.8618613227464058 3.4383487035338507 0.0 0.0 0.0
980 0.0 0.4000638867897486 0.0 0.0 0.19301962390177288 0.09635135557676881
981 0.6711228960339239 0.0 0.5578144272413146 0.0 0.0 0.3562149742970674
982 0.0 0.0 1.7830987725687415 0.0 0.0 0.0
983 0.9496830128637881 0.0 0.0 0.0022249276796095416 0.0 2.452395371197508
984 0.0 0.0 0.0 0.0 0.0 0.30377699999669106
985 0.1935127271434383 0.21335401356785152 0.0 0.0 0.0 0.0
986 0.9457508657973362 2.543898461358742 0.31494944538665787 0.0 0.0 0.0
987 0.0 0.3717004755116352 0.0 0.03287823797794387 0.11613150527134129 0.4242286869325105
988 0.2663482244409772 0.0 3.2904160826161353 0.4436078813738391 0.0 0.0
989 1.3118328653353681 0.11565846907564672 1.4554096441866038 0.0 0.0 0.0
991 0.0 0.0 0.11372417836802241 0.0 1.3787319270508351 1.4466856907219852
992 0.0 0.0 0.0 0.6751014369968289 2.476002421036263 0.28583862477452243
993 0.0 0.894141066164899 0.0 1.8376426502632421 0.6840880424267207 0.0
994 0.0 0.08476161491644318 0.0 0.32704617393887414 1.3110805163913222 0.0
995 1.5177331791793962 0.0 0.0 0.0 0.0 0.0
996 0.05009219623892297 0.511010536153272 0.20389687713225543 0.0 0.10823444488030212 0.0
997 0.8481049199239918 0.5204768819634432 1.236779641513844 1.040970874981943 0.0 0.0
998 0.0 1.414522722115318 0.0 2.713904294379425 1.894558182330472 0.8443747990849664
999 0.0 0.0 0.0 0.0 0.3290895860137386 0.0
1000 1.8571556954082744 0.0 0.0 0.0 0.0 1.0206875098563533
1001 0.0 0.0 0.14859156438072846 0.0 0.0 0.0
1002 0.0 0.0 0.0 0.0 0.1974537516082432 0.0
1003 0.0 0.0 1.6007724222503699 0.0 0.014942660822973129 0.0
1004 1.9847847474420834 0.1590293253174793 0.9908546225618915 2.06248065801449 0.0 0.0
1005 0.0 0.0 0.0 0.0 2.6985346053126573 0.0
1006 1.192323788665314 0.6407046566126978 0.42379300809930276 2.1983444790782185 0.0 1.764987156173469
1007 1.3141438011432949 0.10071765052078568 0.0 0.2836130526463625 0.0 0.0
1008 0.0 0.49209598086894873 1.5693271339809123 0.35190309608164827 0.0 0.0
1009 2.0000581345491177 0.0 2.0815530070769412 0.0 0.0 0.0
1010 0.0 0.0 0.6568892323523732 0.95972908168239 0.07235274766393876 0.0
1011 2.2613912544580606 0.588476067774832 0.0 0.7651598997528578 0.0 0.0
1012 0.0 0.0 0.0 0.0 2.303627102096171 0.0
1013 0.0 0.0 0.15643857247791826 0.0 1.3787004668451286 0.0
1014 0.0 0.0 0.4781920061448777 0.0 0.9070917483015604 0.0
1015 0.0 1.2272911805632416 0.0 0.0 0.6169570142677872 0.0
1016 0.0 0.0 0.30770360935459706 0.0 0.32442958984573134 0.0
1017 1.2046935945990729 0.0 0.0 0.0 0.0 2.180876157746613
1018 0.27587435340265126 0.4712090491927735 0.0 0.5064726986365783 0.0 2.099475651770495
1019 0.0 0.0 0.0 0.0 0.19745375160824322 0.0
1020 1.8005376441908314 0.21256596129010602 0.4831881447544283 0.0 0.1519995536691543 0.8255256247138847
1021 0.06898787178088166 0.0 0.14859156438072843 0.0 0.0 0.0
1022 0.0 0.6965174382258071 0.4817315030883546 0.0 0.6971619170926252 0.0
1023 1.1240064941201966 0.0 0.0 0.0 0.0 1.590494048523829
1024 0.0 0.6780926043745586 0.0 0.0 0.5281110912022562 0.0
1025 0.6544114574433182 0.9658147836732163 0.0 3.4920610351248067 0.0 0.0
1027 1.2417816920558697 0.0 0.0 0.0 0.0 0.0
1028 0.0 0.9821410562453614 0.0 0.0 1.572768413406381 3.704670489913525e-06
1029 0.0 0.0 0.0 1.2282697097042583 2.3107969472477095 0.2630686251661225
1030 1.8254190700943345 0.0 0.0 0.2280858130715664 0.0 0.0
1031 0.0 0.8489111992653017 0.0 0.9354140432752316 3.303031021315956 0.17885385559367709
1032 0.0 1.3997839689107732 0.0 0.2755681782514836 2.615505535763078 0.0
1033 0.0 0.0 0.2971831287614569 0.0 0.1974537516082432 0.0
1035 0.0 0.0 0.0 0.0 0.8556329236357204 0.0
1036 0.0 0.8302493790905189 0.0 0.7073883324573027 2.545985905810884 0.0
1037 2.0069932251913976 0.0 0.0 0.0 0.0 0.1932050204563932
1038 0.0 0.0 0.0 0.7986839586950687 2.47668251562855 0.9091137825661313
1039 0.0 0.24437620198840915 0.0 0.0 2.0723344311325276 0.0
1040 0.0 0.0560659461184007 1.5114627910587621 0.3895284480248383 0.867126882172893 0.34899918748725756
1042 0.1760695339263854 0.5567341018995643 0.2654249280233684 0.0 0.06146712359440299 0.0
1043 2.0952520169007847 0.0 0.0 0.0 0.0 1.1775095547447076
1044 0.0 0.7577800684402203 0.0 0.0 3.106868910212788 0.0
1045 1.2563092614690832 0.0 1.6032165739064494 0.0 0.0 0.0
1046 0.6437580444584253 0.3500931724009807 0.8145416028453742 1.4678510290014082 0.04438370298529426 0.0
1047 1.5700514654883144 0.0 2.2647777445198836 0.0 0.0 0.0
1048 0.0 0.4933821595128582 0.0 0.0 2.561903897423157 0.0
1050 0.0 0.0 0.0 0.0 1.1847225096494591 0.0
1051 0.0 0.0 0.3129258252295928 0.0 0.12466268288773581 0.0
1052 0.0 0.0 0.45733506488034475 1.321446098160433 0.0 0.0
1053 0.3770256983028658 0.0 1.1196224056397703 0.0 0.0 0.0
1054 0.8252735205133399 0.0 1.8204895482340622 0.8569178071559033 0.0 0.0
1055 1.2119753034786598 1.7785801796851848 0.19642169719464164 1.9568857463103826 0.16417803409474643 0.010653084707293564
1056 2.465678484852912 0.0 0.3357050470502503 0.0 0.0 0.0
1058 0.0 0.202514245458831 0.11597374594737211 0.0 0.13729954359878999 2.3340205936568856
1059 0.0 1.3188547936965431 0.0 1.1457562655088855 0.5065164423120557 0.0
1060 0.0 0.0 0.0 0.0 1.4353754216011474 0.3231905997444031
1061 0.9420583913993202 0.24701835168417374 0.0 0.7113893132809271 0.0 7.800384498566326e-06
1062 1.759968920653534 1.1424879225424251 0.0 4.996391509151177 0.0 0.0
1063 0.4604980385699445 0.12280526056324984 0.009142563685990037 0.0 0.0 0.0
1064 0.6650884551251249 0.17379018473223468 0.0 1.069899310805166 0.022878504707639764 0.0
1065 0.0 0.5548303584548603 0.0 4.248305922045075 2.4752817657882513 4.983599627634647e-07
1066 0.0 0.0 0.0 0.0 0.0 0.10125899999889702
1067 0.8050784458566707 0.0 1.0891977441014986 0.0 0.0 0.0
1068 0.0 0.0 1.115418882131167 0.0 0.0 0.25247820592310133
1070 0.05041084758416288 0.2706070482894173 0.0 2.5715025238946945 0.1358309606723942 0.9173216575193053
1071 1.6943112025959093 0.7349706583054789 1.1707692058423613 0.0 0.0 0.0
1072 0.0 0.0 1.220028155610704 0.0 0.9584340788616381 0.02303465307072937
1073 0.0 0.0 0.0 0.0 0.5923612548247295 0.0
1074 0.0009566159386101415 0.0 0.8522229390682754 0.0 0.0 1.3417622443112107
1075 0.0 1.1452208622317428 0.0 2.8540730572863025 0.7863771856807084 0.0
1076 0.0 0.0 0.0 0.0 1.2391113728921141 0.017583275559563107
1077 0.0 0.09264777139907443 0.304143853553936 0.0 0.0 0.0
1078 0.0 0.0 2.8623304097508324 0.6056705899405639 0.21372334678268745 0.24305601098024726
1079 0.0 0.0 0.0 0.0 2.971710270439513 0.18728098239591656
1081 0.0 0.0 0.9142891399134603 1.2293242468843595 0.6270268201771481 0.6095860668244706
1082 2.2076118969882126 0.0 0.0 0.0 0.0 0.0
1083 0.0 0.6804078920960608 0.0 0.0 0.0 0.0
1084 1.5177331791793962 0.0 0.0 0.0 0.0 0.0
1085 2.260517494767816 0.0 0.7608306800984304 1.0534653469834623 0.0 0.0
1086 0.14213589141275643 0.0 0.8825889290144668 0.0 0.0 0.0
1087 1.0135845861282395 0.0 0.0 0.0 0.0 0.739979087126416
1088 0.0 0.0 0.3865793866937657 0.16497397385479678 0.18850162117636576 0.24509849232022252
1089 0.0 0.0 0.0 0.0 1.7112658472714413 0.0
1090 0.0 0.0 0.0 0.0 0.723997089230225 0.0
1091 0.0 0.0 0.6448915633475671 0.827727156653697 0.8512677674130562 0.41896999236620935
1092 0.0 0.0 0.21227637521827258 0.0 0.037609037215198704 0.0
1093 0.0 0.0 0.0 0.0 2.0419105739423076 1.2127154601664398
1094 0.0 0.0 0.14859156438072846 0.0 0.0 0.0
1095 0.7218942725882089 0.7644688147522338 0.0 1.382995133473671 0.0 1.14760274159153
1096 0.0 0.13621764296160627 0.0 0.1410790614682194 1.6879699969673636 0.0
1097 0.12358621439451117 0.0 0.0 0.0 0.01372833825523501 0.0
1098 1.8326223001547028 0.0 1.6992318003319866 0.0 0.0 0.0
1099 0.0 0.0 0.0 0.0 2.5010808537044142 0.0
1100 0.0 0.0 0.2971831287614569 0.0 0.0 0.0
1101 0.0 0.03652709311099067 1.164278301130059 1.0939536104174579 0.7899929025349688 0.04049100262119798
1102 0.970546364521073 0.7483980198739082 1.669004084171154 0.0 0.0 0.0
1103 0.0 1.0491705287949291 0.0 1.3942710939011294 0.13827481861694146 0.5763072216567868
1104 0.0 0.0 0.0 0.0 1.777083764474189 0.0
1105 0.0 0.14658280120279138 0.3458106920185866 0.0 1.393016961121056 0.0
1106 0.0 0.0 0.33047232596184384 0.0 0.0 0.2810917901509938
1107 1.5106888973787136 0.0 0.35727951087052456 0.0 0.0 1.285753257398512
1108 0.10612541876307989 0.0 1.257334277438246 0.0 0.0 0.0
1109 0.0 0.09599119912518364 0.0 0.0 1.5647493527109395 0.32793091325818313
1110 0.0 0.0 0.29278448868868534 0.0 0.0 0.10425649112149325
1111 1.5155185291581654 0.0 0.0 0.0 0.0 2.2309486183918183
1112 0.0 0.0906530875503151 0.0 0.9385610807163915 0.6541921132726422 1.2951960975961296
1113 0.0 0.0 0.0 3.3888929515021857 0.570760035364629 1.5641390487719824
1114 0.12743047246608924 0.6952657535320506 0.0 0.0 0.0 0.0
1115 0.0 0.0 0.0 0.1481076468089736 0.0 0.0
1116 0.0 0.0 0.13709591440832758 0.0 0.7290890319742733 0.0
1117 0.14051829278047653 0.18467306147498302 0.2457096780631125 0.0 0.2244158885180414 0.0
1118 0.0 0.0 0.0 0.0 1.6454479300686935 0.0
1119 0.0 0.0 0.0 0.0 2.895988356920901 0.0
1120 0.0 0.0 0.2089412259604292 0.0 2.379804031564415 0.9555271571263483
1121 0.0 0.0 1.6345072081880134 0.0 0.0 0.0
1122 0.00015434386502590988 0.0 0.45240945062388693 0.0 0.3918214175210286 0.0
1123 0.22376974200145752 0.0 0.7067594498282527 0.0 0.0 0.0
1124 0.0 0.0 0.0 0.0 1.974537516082432 0.0
1125 0.0 0.0 0.0 0.0 1.8569660542152722 1.1934703614930267
1126 0.0 0.0 0.14859156438072843 0.0 0.0 0.0
1127 0.0 0.0 0.0 0.0 0.2986484630052311 0.5531278048854336
1128 0.0 0.0 0.8952584928070605 3.835531037722805 9.175286657717833e-07 0.9192403399653621
1129 0.0 0.0 0.0 0.0 1.250540426852207 0.0
1130 1.7246967945220413 0.0 0.0 0.0 0.0 0.0
1131 0.0 0.0 0.4625567404069444 0.0 0.5191098106787271 0.0
1132 0.0 0.0 0.0 0.0 1.777083764474189 0.0
1133 0.15101019901725546 0.0 2.0522072546280334 0.0 0.0 0.0
1134 0.0 0.0 0.217664254598944 2.5654744179899645 1.497174526831373 0.14847046464094288
1136 0.0 0.5966203369384013 0.32364451136551947 0.6227534865658063 0.82135396636031 0.0
1137 1.2378058949109036 0.10756871347953127 2.0729963391902424 0.0 0.0 0.0
1138 0.0 0.0 0.0 0.0 1.9745375160824323 0.0
1139 0.0 0.0 0.0 0.4443229404269208 0.0 0.0
1140 0.0 0.0 0.0 0.0 2.1739212323642727 0.3008078040514643
1141 0.0 0.0 0.0 0.0 0.4607254204192341 0.0
1142 0.0 0.0 0.0 0.0 0.1974537516082432 0.0
1143 0.0 0.0 0.0 0.0 1.1847225096494591 0.0
1144 0.0 0.0 0.0 0.0 1.513812095663198 0.0
1145 0.0 0.0 0.0 0.0 2.5668987709071622 0.0
1146 0.0 0.7863763684701401 0.0 2.1229690742499443 2.7820441080376845 0.031091187901042552
1147 0.357769496581569 0.7819713965622745 0.0 0.0 0.14022050861655405 1.0772654120536784
1148 1.7936846663029227 0.0 0.0 0.0 0.0 0.0
1149 0.0 0.0 0.15772379521757818 0.0 1.6414028524386062 0.0
1150 0.0 0.0 1.1887325150458277 0.0 0.0 0.0
1152 0.0 0.0 0.0 1.0707872527187128 3.2099536131239086 0.0
1153 0.0 0.0 0.0 0.0 0.06581791720274772 0.0
1154 0.0 0.28319690591967284 0.0 0.0 1.124596880002379 0.0
1155 0.128694518364304 0.0 0.0 0.0 0.3379443440431886 0.0
1156 0.0 0.029944182576862287 0.3541610363713442 0.0 1.5526074521806978 0.88288209064769
1157 0.0 0.0 0.2971831287614569 0.0 0.0 0.0
