# Max Likelihood=  -60799.18656109925  N_real= 1
a= 0
0.44053530821408093 0.0 0.0 0.0 0.0 0.0 0.0 0.0 0.0 0.0
0.0 0.2508644542110308 0.0 0.0 0.0 0.0 0.0 0.0 0.0 0.0
0.0 0.0 1.3558444219446066 0.0 0.0 0.0 0.0 0.0 0.0 0.0
0.0 0.0 0.44726631573068076 0.0 0.0 0.0 0.0 0.0 0.0 0.0
0.0 0.0 0.0 0.0 0.0 0.0 0.0 0.0 0.0 0.0
0.0 0.0 0.0 0.0 0.0 0.20676834484822246 0.0 0.0 0.0 0.0
0.0 0.0 0.15152894858769161 0.0 0.0 0.0 0.29150004563403004 0.0 0.0 0.0
0.0 0.0 0.0 0.0 0.0 0.0 0.0 0.4015785658029675 0.0 0.0
0.0 0.0 0.0 0.0 0.0 0.0 0.0 0.0 0.2724060470065983 0.0
0.0 0.1847210256791085 0.0 0.0 0.0 0.0 0.0 0.0 0.0 0.5682370252536677

a= 1
0.3596745583396559 0.0 0.0 0.0 0.0 0.23738545498261002 0.0 0.0 0.0 0.14016840050897322
0.09947271985074198 0.46684828520493904 0.8913053403734105 0.0 0.0 0.0 0.09553034779203608 0.0 0.0 0.0
0.0 0.0 1.4560081983549615 0.0 0.0 0.0 0.0 0.0 0.0 0.0
0.02797042074140804 0.05999387061240234 0.0 0.08765999733490834 0.0 0.0 0.0 0.0 0.0 0.0
0.0 0.0 0.0 0.0 0.0 0.0 0.0 0.0 0.0 0.0
0.0 0.0 0.0 0.0 0.0 0.6416440949417154 0.0 0.062016817523055906 0.0 0.3708116514406145
0.0 0.0 0.01985429488608717 0.0 0.0 0.0 0.4266208723274414 0.0 0.0 0.0
0.0 0.0 0.0 0.0 0.0 0.03298974310025628 0.0 1.0010638789682784 0.0 0.05195804745969524
0.0 0.1640194246367893 0.0 0.0 0.0007286209527167442 0.0 0.0 0.0 0.0 0.0
0.0 0.0 0.0 0.0 0.0 0.0006260622255197581 0.0 0.0 0.0 2.5773560970672267

a= 2
1.1854345881037054 0.0 0.2197428462452083 1.0238971357987847 0.0 0.0 0.0 0.0 0.0 0.0
0.0 0.2914857184078493 0.0 0.44590525122070307 0.0 0.0 0.0 0.04698621611699412 0.34592959964405673 0.0
0.44942442513895065 0.0 0.5077446253808915 0.3078561500847609 0.0 0.0 0.0 0.0 0.0 0.0
0.0 0.0 0.0 1.4523467351048933 0.0 0.0 0.0 0.0 0.0 0.0
0.0 0.0 0.0 0.0 0.0 0.0 0.0 0.0 0.0 0.0
0.30050167058208976 0.0 0.03323281817481839 0.916257722139671 0.0 0.6824861072262103 0.1519737813134652 0.0 0.0 0.0
0.0 0.0 0.0 0.23191464101248405 0.0 0.0 0.7532767265308514 0.0 0.0 0.0
0.0 0.0 0.0 0.0 0.0 0.0 0.0 0.2500391557326717 0.0 0.0
0.0 0.1273648301643257 0.0 0.25648120904611243 0.0 0.0 0.0 0.2871112252399772 0.8887240392741036 0.0
0.0 0.3377924138711294 0.0 0.4469856654363179 0.0 0.0 0.0 0.0 0.0 0.43952528322148426

a= 3
0.8810151052118339 0.0 0.12190666047914375 0.0 0.0 0.0 0.0 0.0 0.0 0.0
0.0 0.11599595256236715 0.0 0.0 1.002196786409491 0.0 0.08154226920665239 0.0 0.15880063387135784 0.0
0.0 0.0 0.6938968168538544 0.0 0.0 0.0 0.0 0.0 0.0 0.0
0.0 0.0 0.0 0.0 0.0 0.0 0.0 0.0 0.0 0.0
0.0 0.0 0.0 0.0 2.8193661902748817 0.0 0.0 0.0 0.44318708602180734 0.0
0.00980892550597782 0.0 0.0 0.0 0.05670753414080487 0.7313614247532492 0.0 0.0 0.0 0.0
0.0 0.0 0.0 0.0 0.0 0.0 0.9413007098235137 0.0 0.0 0.0
0.0 0.0 0.0 0.0 0.0 0.0 0.0 1.3263090942373386 0.0 0.0
0.0 0.0 0.0 0.0 0.0028548960473105053 0.0 0.0 0.0 0.035434978989549955 0.0
0.0 0.0 0.0 0.0 0.0 0.0 0.0 0.0 8.704440473631068e-05 0.11689584998650747

a= 4
1.2826442748975362 0.0 0.22515043535900708 0.0 0.0 0.0 0.0 0.0 0.0 0.0
0.0 0.12305142345389583 0.0 0.0 1.8245443420631133 0.0 0.0 0.0 0.13411000215994784 0.0
0.3914374967298494 0.10792737687735984 0.5851216653457718 0.0 0.4905767837267216 0.0 0.0 0.0 0.0 0.0
0.0 0.0 0.0 0.4916130176415897 0.0 0.0 0.36609447626303465 0.0 0.0 0.0
0.0 0.0 0.0 0.0 4.720981036670717 0.0 0.0 0.0 0.0035471562187602114 0.0
0.013359646384792631 0.0 0.0 0.0 0.0 1.0656050961266332 0.0 0.0 0.0 0.0
0.0 0.0 0.0 0.0 0.0 0.0 1.9258593716911117 0.0 0.0 0.0
0.0 0.0 0.0 0.0 0.0 0.0 0.0 1.7279734600507086 0.0 0.0
0.0 0.0 0.0 0.0 2.3400296551865488e-05 0.0 0.0 0.0 4.925872868801348e-07 0.0
0.0 0.024148965412142523 0.0 0.0 0.0 0.0 0.0 0.0 0.0 0.7030173762967549

a= 5
0.8367854732189943 0.0 0.0 0.0 0.0 0.0 0.0 0.0 0.0 0.0
0.0 0.0 0.0 0.0 0.0 0.0 0.0 0.0 0.7454716130492853 0.0
0.0 0.0 0.28568936211225265 0.0 0.0 0.0 0.0 0.0 0.0 0.0
0.0 0.0 0.014074142955322074 0.6737619709731073 0.0 0.0 0.0 0.11648128214586762 0.14157559695251057 0.1816904526439962
0.0 0.0 0.0 0.0 0.0 0.0 0.0 0.0 0.0 0.0
0.0 0.0 0.015527582807141395 0.0 0.033430958554767555 0.1357441931653247 0.04179601469165386 0.0 0.0 0.0
0.0 0.007319090837513661 0.0 0.0 0.0 0.0 0.13438185871175387 0.0 0.0 0.0
0.0 0.0 0.0 0.19794468640246266 0.0 0.0 0.0 1.1703442301494182 0.24955734731172308 0.0
0.0 0.0 0.0 0.0 0.0 0.0 0.0 0.0 0.7980820908214845 0.0
0.0 0.0 0.0 0.3268963336533552 0.0 0.0 0.0 0.0 0.0 0.6579177521622481

a= 6
0.7767426063487647 0.0 0.0 0.0 0.0 0.0 0.0 0.0 0.0 0.0
0.0 0.3899409628119774 0.08173933313251801 0.0 0.0 0.0 0.0 0.0 0.0 0.0
0.0 0.0 0.4623590430622624 0.0 0.0 0.0 0.0 0.0 0.0 0.0
0.09841112789271572 0.03645745150342222 0.205028000511763 0.19713099691779953 0.0 0.0 0.0 0.0 0.0 0.0
0.0 0.0 0.0 0.0 0.0 0.0 0.0 0.0 0.0 0.0
0.0 0.0 0.0 0.0 0.0 0.24205953516775303 0.0 0.0 0.0 0.0
0.0 0.0 0.031318479512074705 0.0 0.0 0.0 0.4712289343759047 0.0 0.0 0.0
0.0 0.0 0.0 0.0 0.0 0.0 0.0 0.3337285067868796 0.0 0.011133506868118124
0.0 0.0 0.0 0.0 0.0 0.0 0.0 0.0 0.0 0.0
0.0 0.579887180201398 0.0 0.0 0.0 0.0 0.0 0.0 0.0 1.0066374873089574

a= 7
0.48107300495833377 0.0 0.0 0.0 0.0 0.03471250737397577 0.0 0.0 0.0 0.0
0.0 0.5388583596059439 0.0 0.0 0.0 0.0 0.0 0.0 0.0 0.0
0.0 0.0740230651588183 0.2573139475038187 0.045981499972851676 0.0 0.0 0.0 0.0 0.0 0.0
0.0 0.0 0.0 0.2091896937415159 0.0 2.4781933961499165e-07 0.0 0.0 0.0 0.0
0.0 0.1314401151180175 0.0 0.0 0.0 0.0 0.0 0.0 0.0 0.0
6.617248958810872e-06 0.28180040287010927 0.0 0.0 0.0 0.885911032593408 0.0 0.0 0.0 0.0
0.0 0.0 0.0 0.0 0.007661703644857122 0.0 0.3193305684535719 0.0 0.0 0.0
0.0 0.0 0.0 0.0 0.0 0.05594006653639882 0.0 0.07238543646083176 0.0 0.0
0.0 0.5264733847954767 0.0 0.0 0.0 0.0 0.0 0.0 0.0 0.0
0.0 0.3089219089822645 0.0 0.0 0.0 0.21746962416388338 0.0 0.0 0.0 0.882197805446516

a= 8
1.2123788274800402 0.0 0.4086172113229994 0.0 0.0 0.0 0.0 0.0 0.0 0.0
0.0 0.08053130179437554 0.0 0.0 0.0 0.0 0.0 0.0 0.7506984289993142 0.0
0.667786955838163 0.0 1.147617944019041 0.0 0.0 0.0 0.14112775210773063 0.0 0.0 0.0
0.0 0.13914657982091766 0.05037255153473529 0.3195388568114199 0.0 0.0 0.06974046234550961 0.0 0.0 0.0
0.0 0.0 0.0 0.0 0.0 0.0 0.0 0.0 0.01382099022217369 0.0
0.501021066319792 0.0 0.0 0.0 0.0 0.29734261722128336 0.0 0.0 0.0 0.0
0.0 0.0 0.1388985535614682 0.0 0.0 0.0 0.5376365855675961 0.0 0.0 0.0
0.0 0.0 0.0 0.0 0.0 0.0 0.0 1.664912429500338 0.2115756108813316 0.0
0.0 0.0 0.0 0.0 0.0 0.0 0.0 0.0006749398447322603 1.8861293960584407 0.0
0.0 0.044325146191992695 0.0 0.0 0.0 0.0 0.0 0.0 0.36258331491742196 0.6115017082743056

a= 9
0.8068770092560329 0.0 0.0 0.0 0.0 0.0 0.0 0.0 0.0 0.0
0.0 1.51611970040511 0.0 0.0 0.0 0.0 0.0 0.0 0.0 0.0
0.0 0.5678683194059178 0.6111889059639134 0.0 0.0 0.0 0.0 0.0 0.0 0.0
0.0 0.0 0.4223763644345404 0.0 0.0 0.0 0.0 0.0 0.0 0.0
0.0 0.00033433390888404216 0.0 0.0 0.0 0.0 0.0 0.024554214891280405 0.40206599799298015 0.0
0.2849608214506221 0.0 0.0 0.0 0.0 0.4368340235386027 0.0 0.0 0.0 0.0
0.0 0.0 0.0 0.0 0.0 0.0 0.11950649844899983 0.009241194283137457 0.011312529343569522 0.0
0.0 0.0 0.0 0.0 0.0 0.0 0.0 0.803267509782359 0.0 0.0
0.0 1.5951337972729533 0.0 0.0 0.0 0.0 0.0 0.0 0.0014846402910144837 0.0
0.0 0.6993372913968673 0.0 0.0 0.0 0.0 0.0 0.0 0.0 2.0588768257532584

a= 10
1.5297703094735693 0.0 0.2163485427400701 0.0 0.0 0.0 0.0 0.0 0.0 0.0
0.0 0.0 0.0 0.0 0.09860941874052942 0.0 0.0 6.758762396318566e-07 0.3183984525462891 0.0
0.06496381623734322 0.0 0.9181223185753237 0.0 0.0 0.0 0.0 0.0 0.0 0.0
0.15805953938774164 0.0 0.13367410899756074 0.3016088861980194 0.0 0.0 0.4669753996072019 0.0 0.0 0.0
0.0 0.0 0.0 0.0 0.0 0.0 0.0 0.0 0.0 0.0
0.46029045286161013 0.0 0.1969679410369615 2.3618762525194668e-07 0.0 1.0106411797789558 0.46600866936396135 0.0 0.0 0.0
0.2507100799701263 0.0 0.18745642667536247 0.0 0.0 0.85727390898239 1.344849526485701 0.0 0.0 0.0
0.0 0.0 0.0 0.0 0.0 0.0 0.0 1.3256144312240055 0.0875810154272434 0.0
0.0 0.0 0.0 0.0 1.9410047381439834 0.0 0.0 0.917880965217187 1.1127281599363945 0.0
0.0 0.0 0.0 0.0 0.0 0.0 0.0 0.0 0.0 0.0

a= 11
0.34800921438658844 0.0 0.0 0.0 0.0 0.0 0.0 0.0 0.0 0.0
0.0 0.3157273902289641 0.0 0.0 0.0 0.0 0.0 0.0 0.3249428071535233 0.0
0.0 0.0 0.9834324119969807 0.0 0.0 0.0 0.0 0.0 0.0 0.0
0.0 0.22369802002071532 0.0 0.16664651245822892 0.0 0.0 0.0 0.0 0.07126325294875199 0.0
0.0 0.0 0.0 0.0 0.39960774774259866 0.0 0.0 0.0 0.7086448404939342 0.0
0.0 0.0 0.0 0.0 0.0 0.5910996505476166 0.0 0.0 0.0 0.3417530929410424
0.0 0.0 0.0 0.0 0.0 0.0 0.27039892760929446 0.0 0.0 0.0
0.0 0.0 0.0 0.0 0.0 0.0 0.0 1.5932384036231375 0.0 0.8645897429323798
0.0 0.002451322344220604 0.0 0.0 0.5425846412858577 0.0 0.0 0.0 0.7377706736409521 4.1916019333176454e-05
0.0 0.0 0.0 0.0 0.0 0.0 0.0 0.0 0.0 2.01586992033872

