# Max Likelihood=  -71545.39906002226  N_real= 1
0 0.0 0.0 0.0
1 0.0 0.0 0.0
2 0.0 0.0 0.0
3 0.0 0.0 0.0
4 0.0 0.0 0.0
5 0.0 0.0 0.0
6 0.0 0.0 0.0
7 0.0 0.0 0.0
8 0.0 0.0 0.0
9 0.0 0.0 0.0
10 0.0 0.0 0.0
11 0.0 0.0 0.0
12 0.0 0.0 0.0
13 0.0 0.0 0.0
14 0.0 0.0 0.0
15 2.5185611402771038 0.06095117946595703 1.123482670431696
16 1.3261429193413385 0.8177094957751809 0.6198297982105716
17 0.46487329772437047 0.8503459460903157 0.3898940766245257
18 0.7856291029424254 0.9914411696681236 0.21987587947467355
19 0.8154783614763736 0.007652750320382751 1.3563259746438705
20 0.9897614687749479 0.45532666084857787 0.7363475861560934
21 1.8460613595764297 0.4372078596109404 0.3524702785291296
22 1.1815485867334812 0.24754514607161038 0.9332554801130528
23 0.867678190367445 0.0 1.9254137336078607
24 0.0 0.0 1.8156685402947794
25 1.0731246569965753 0.0 1.1949236017617648
26 0.30689072627814773 0.19264129432059296 0.8339060934706987
27 1.1445834376453266 1.1872792959857108 0.2301490805463406
28 0.8954961578708196 0.8341979923080733 0.5263382848726388
29 0.6829959436371974 1.3356160389846417 0.04700089382814205
30 0.0 1.2394935709784192 0.08580241940907701
31 0.235256072438763 0.49662630666985574 0.19513954983626053
32 1.2328833115232687 1.962660761500428 0.0
33 1.1308286863957904 1.2389161638053179 0.023457974928312884
34 2.35219080606572 1.6537079539940833 0.0
35 0.12420737974987647 0.0 1.540878700540952
36 0.0 0.051336100380955006 1.4250380326493806
37 0.0 2.22973091893589 0.0
38 0.0 0.24774787988176555 0.0
39 2.6899053033902636 0.19598755067128432 0.6057587368691844
40 0.8298217730088304 1.945159069408656 0.0
41 1.1754231015563135 2.313973248147322 0.0
42 1.9862029836684743 0.5135149006826442 0.30064822885036424
43 0.4137167103468047 2.9804599379077263 0.0
44 1.6384760119678052 2.9192249977347924 0.0
45 0.0 2.130631766983184 0.0
46 0.6986066647974734 2.7126513157339582 0.0
47 1.0871476655135157 2.7933525042722835 0.0
48 0.6897120996373691 0.0 0.6447764054197769
49 0.0 3.2702720144393056 0.0
50 0.7070827406218533 0.6152014600162248 0.785472175378148
51 0.0 0.0 1.5995175235930197
52 1.388804305717013 0.7477421074956545 0.11071945075269565
53 2.3974012869066668 0.12516308176103166 0.3886860495914236
54 2.3016197935942557 0.5599130511620812 0.43377959311987646
55 0.7038332819802295 0.0 1.1519573187084595
56 2.446938691626362 1.366442625121783 0.0
57 0.0 0.0 0.821373863466686
58 0.0 0.0 1.8156685402947792
59 0.0692097364040698 1.4492579698301673 0.14863947521905846
60 0.0 2.279280494912243 0.0
61 1.2932682836487401 0.0 0.798221180153851
62 1.141719108277017 2.692503461016684 0.0
63 0.1335548960017871 0.0 1.879053935929476
64 0.0 2.774776254675775 0.0
65 0.8161785471734222 1.8257817341232734 0.20180232041578533
66 0.0 1.734235159172359 0.0
67 0.5620459644216185 0.0 1.787007019852168
68 0.0 0.0 1.6427477269333717
69 0.3657957938285541 0.0 1.8182715305970478
70 0.0 1.8828838871014186 0.0
71 0.6342554633077032 0.0 1.2522519626718385
72 0.0 0.0 1.2536758968702046
73 0.1222296853442339 0.0 1.6721913221043998
74 0.7338705182790051 0.01993236983118266 0.9370111149271059
75 0.2855155011710214 0.4175569558048251 0.35259488377642245
76 0.11241928424365658 0.0 1.8099279597499605
77 0.0 2.7747762546757744 0.0
78 0.45511783551345486 1.1577563917791618 0.0
79 1.2260387718726826 1.4240495828959598 0.0
80 0.0 0.0 1.6427477269333717
81 0.0 2.112875631489746 0.05872178591789985
82 0.038102003288859584 1.5497689345452308 0.0
83 0.6330404844040354 0.2076095446841742 0.8559656355481655
84 0.8994084351329178 2.1770421158992783 0.0
85 0.0018390552715355597 0.30154203581337935 0.8161623155224895
86 1.0041035302014496 0.8789305972139871 0.1820850598208993
87 0.0 0.0 1.556287320252668
88 0.6577300904928322 2.602428298759917 0.0
89 0.0 1.1768162088379146 0.09725593549074373
90 2.042868180523575 0.23583178779836061 0.5829029364477347
91 0.0 0.0 1.556287320252668
92 0.0 0.25032243526070996 0.4300558274501949
93 0.0 0.0 1.7292081336140757
94 0.36346416313644775 0.0 0.9123495538173299
95 0.38308589317656994 0.11229706101139998 1.3170440752447616
96 0.0 0.0 1.4265967102316122
97 0.924463124274771 2.8967332866938924 0.0
98 2.371977149893345 0.5724158784307963 0.4083977537246168
99 0.0 0.15809728780824803 0.03498667840997206
100 0.0 2.180181342959537 0.0
101 1.7917295495008694 0.0 0.3894067928852061
102 0.7380411114959928 0.48523858201806835 0.22501641708927464
103 0.0 0.0 1.9453591503158354
104 2.7357313640034192e-06 2.326483908520885 0.002044697638092682
105 1.8034382151550878 2.3677569328361914 0.0
106 0.9172287639307064 0.0 1.1930914400646113
107 0.0 0.9889143632320025 0.4341142767423516
108 0.43190809391676666 0.5166993650825784 0.6647948864819911
109 1.5832941338486952 0.7256376328974309 0.2298746501065559
110 1.0713254444500828 0.02818119767007026 1.4744235840403612
111 0.644833689618062 1.722644126237947 1.3058972899878894e-05
112 1.4391376487520202 0.6993175750949047 0.06845686049419158
113 0.10074878706342483 1.7386261846094766 0.0
114 1.973740219704304 2.3563145642585344 0.0
115 2.7319851055952764 0.05693129503141171 0.8222590073520973
116 0.8056383824888379 1.175099265033947 0.0
117 1.2064576067872725 0.0 1.3449514338766888
118 0.0 0.0 1.1239852868491491
119 1.1430555306803738 1.9975531036915632 0.0
120 0.885030348998515 1.843711093938075 0.0
121 0.0 1.9819830390541247 0.0
122 0.10576130094254967 0.0 2.0315395398899523
123 0.3026545542338268 0.0 1.2216039429633083
124 0.5396628086464569 0.0 1.545983406990864
125 0.0 0.0 1.5130571169123161
126 0.0 0.0 1.4265967102316122
127 0.2022904047034546 2.0891189475629597 0.0
128 1.5207006132244834 0.39486328696135076 0.569799488711737
129 0.0 0.0 1.3833665068912604
130 0.0 0.0 0.5619926434245746
131 0.0 0.0 0.0432302033403519
132 0.0 0.0 1.4265967102316122
133 1.3414928445774907 0.2673599829863393 0.6983286228169605
134 0.1493739983631605 0.0 1.3905476185858836
135 0.4779663377821017 0.0 1.6830443450687889
136 1.469213460374391 1.2945542292938743 0.0
137 0.0 0.0 1.7292081336140754
138 0.0 0.6408008215428265 0.046147430475161955
139 0.8264591614473897 0.441161692693207 0.6664878285964244
140 0.9203451340221064 0.0 1.9686792006322507
141 0.0 0.0 1.4698269135719642
142 0.0 0.0 1.0375248801684454
143 0.0 0.05437572043847276 0.039019567783209815
144 0.0 0.0 1.5130571169123161
145 1.8829317670884849 1.2029389560148496 0.0
146 0.422693019566185 0.9561195393970465 0.15928392110916334
147 0.0 0.22050693433636198 0.11022714114626732
148 0.4413237932266235 1.16376846714755 0.049298108162609634
149 0.2504221602447747 0.01798381998825995 1.3784428665089785
150 0.3166497661335884 0.792773394761422 0.7346107874114084
151 1.5419880470467524 0.0 1.2859162310230257
152 2.4906547903896596 0.3239893859933941 0.4845768364318886
153 0.0 0.9414419435507093 0.0
154 0.37767709126860993 0.6704335223602107 0.4454545212175146
155 0.09682920419981697 0.0 1.8227142070618672
156 0.8452558650407398 0.0 1.3818108223802397
157 0.2799907921467515 0.11740393386772438 1.0080704168552348
158 1.5843573433606428 1.533161134818012 0.0
159 0.13936802919920038 1.305925853679597 0.0
160 0.15761638889753063 0.8352208113343336 0.6118576078561022
161 0.08868033818784099 0.0 0.8351028452551029
162 0.26444341514586855 0.02105852711043489 0.8454982852342439
163 0.6021192593665927 0.0 1.148917949287968
164 0.9585648439174489 0.0 1.5482613696802499
165 0.16833589513076397 0.0 1.764067796515666
166 0.015397864871484857 0.19947398046861786 0.5482510605026281
167 0.7891306058269019 0.1511783078414348 0.5178008724758736
168 0.13386947370117117 0.6154974643222539 0.001660473423536664
169 1.3847254361181958 0.25455141085228083 0.7605067132958445
170 0.6898180879427109 0.0 0.7743800888387589
171 0.0 3.1216232865102462 0.0
172 2.174176118307867 0.3546098504842324 0.1986600136229637
173 0.0 0.049549575976353115 0.17292081336140758
174 0.5694534810038476 0.0 1.5215505045760944
175 0.13281742825385168 0.0 1.793198365464054
176 0.4751869142238761 0.0 1.8582447103568112
177 0.0 1.1396402474561218 0.0
178 1.212476294328928 0.0 0.9509433605624096
179 2.2780835621470494 0.3606296366121219 0.06495778802351232
180 0.9366964969853269 0.0 1.17712492489993
181 0.0 0.0 1.8156685402947792
182 0.3519960283278765 0.0 1.181136396374293
183 0.0 0.04999705111997946 0.30222101759053577
184 1.8737554274075838 0.4007021946811554 0.40483698071068086
185 0.16142946733362337 0.2081670306897503 1.069351517308501
186 0.4539971175659411 0.0 1.5297819540307795
187 1.7089822753783421 0.0 1.2354158589839015
188 0.4505097944750095 1.855782209173174 0.0
189 0.0 2.22973091893589 0.0
190 1.0807749643983087 0.0 1.7506418243895503
191 0.0 0.0 1.9021289469754836
192 0.0 0.0 1.8156685402947796
193 2.062389377735662 0.25495634210235735 0.5502070942743408
194 0.0 1.4864872792905934 0.0
195 0.2193796208540942 0.0 1.8518947535609604
196 0.0 1.0900906714797687 0.0
197 0.0 1.1396402474561218 0.0
198 1.1578476392202945 0.0 0.73636598325694
199 0.0 2.130631766983184 0.0
200 0.4820425289001004 0.6762959035216018 0.39797440753174873
201 0.23274321810457263 0.4934377177389148 0.8484354522812501
202 0.6422113483574825 0.0 1.4186477348823652
203 1.6610836675894824 0.752820846754075 0.40174020301045626
204 0.0 1.8333343111250653 0.0
205 0.23496248277502652 0.489731804726956 0.15816533712193226
206 0.0857534874305475 0.0 1.4427261567721383
207 1.5593155985454918 0.3162253552822461 0.5202776309009669
208 0.5688708926957613 0.0 1.5220283159899721
209 0.7063602879674638 1.346079760816651 0.23486036201766614
210 0.0 0.2996601416963323 0.3005500658995236
211 0.0 0.0 0.9510644734877416
212 0.07005702726636949 0.0 1.066527821971106
213 0.6036310058015265 0.24725764425190494 0.45642254557951334
214 0.7245612615546928 0.0 1.6969498522958837
215 1.5523893938794766 0.0 0.9747741142376967
216 0.7672368072294513 0.0 1.1431869452715537
217 0.6845062287623727 0.0 1.556880284978689
218 1.8431377314340418 0.0 1.0821576869258627
219 1.2878302558173553 0.22465937357291096 0.4337532458935268
220 0.5758375148138177 0.04957238497917385 1.1704530948230911
221 2.0330366883531195 0.7645365172769483 0.0
222 0.38013107304031213 0.0 1.6335935983003083
223 0.10416340541177962 0.29559330244511217 0.21866832992599705
224 0.4578800846283946 0.31281696903282974 0.0
225 0.0 0.4102630342609506 0.7228155039129032
226 0.8260496218228531 0.0 1.613713892633101
227 0.06288646970263517 2.0219662462663104 0.0
228 1.7081416987970486 0.0 1.2361052601943368
229 6.114350776924128e-05 0.11256740240490443 0.33404092091245063
230 0.0 0.08939681584377383 0.78660859558947
231 0.0 0.0 1.2536758968702046
232 2.281087528728806 0.5197254364893936 0.3559908094937604
233 0.0976176092865528 0.0 1.6059165777453797
234 0.4582392747638624 0.0 1.3966121270386704
235 0.0 0.0 1.2536758968702046
236 5.022658971243119e-07 0.8918918954231421 0.0
237 2.1484978646966084 0.5073493938444888 0.0
238 0.3413563784757315 1.4133457070816822 0.0
239 0.02660911833610587 2.056068492884017 0.0
240 0.0 0.6355569678285878 0.13718290884692896
241 1.6715001665545706 1.1043961587131004 0.0
242 2.002429698547614 0.062051311463119346 1.2864482561620911
243 2.477585708486389 1.2880835554065362 0.0
244 0.0 0.049549575976353115 0.0
245 0.0 0.8918923675743562 0.0
246 0.930877423901187 1.8501624778982952 0.0
247 0.6166986574362341 0.0 1.7421834623603818
248 0.6945334895433066 1.0317946897744195 0.0
249 0.0 1.3873881273378872 0.0
250 0.902588081128292 1.7776565061959033 0.0
251 0.2563554673041335 0.0 1.3460366739767824
252 0.3185818173438457 0.0 0.9923901373243629
253 0.0 0.0 0.6484530501052783
254 0.33344111883194105 1.569435114284388 0.0
255 0.3755809143364975 1.2583263496613228 0.10717940476328491
256 1.3648555627886425 2.2845474401193737 0.0
257 0.0 0.0 1.7724383369544277
258 0.0 1.2882889753851812 0.0
259 0.680546833763482 0.5020560670803542 0.3439582706284414
260 0.12762669814993832 0.4668542590022092 0.43907771820409586
261 0.0 2.4279292228413025 0.0
262 0.7496926112467888 0.0 1.1143456628406572
263 0.0 0.0 2.075049760336891
264 1.5872022884635855 0.913442916592939 0.10604628848456112
265 0.0 1.319937124899699 0.10207875034517452
266 0.6949365505348419 0.06303498520914735 1.0177978584092149
267 1.5610442186069595 2.595617554892586 0.0
268 0.0 1.4864872792905934 0.0
269 0.14717383259666109 0.0 0.7006688371852041
270 1.1150906299832022 0.6364531673128015 0.0
271 0.0 0.9717802694505755 0.14645172716210297
272 0.0 0.09909915195270623 0.08646040668070379
273 1.534032916408785 0.14498026260839889 0.2148861725333912
274 0.1940135684086414 0.10835230505640166 1.043251888613855
275 0.32979435101967114 1.0776185646353582 0.17270174303622837
276 0.8167680051818571 2.8988721075392307 0.0
277 0.0 0.0 0.4755322367438709
278 0.0901104473894125 0.0 1.395922580658493
279 1.7520334343755097 0.9900224316303424 0.1634279455213788
280 0.1297486843794854 0.2982893170698141 0.1088719111336628
281 0.0 0.0 1.2536758968702046
282 1.1048318764451734 0.0 1.385069854645594
283 0.0 0.9414419435507092 0.0
284 1.8394324246328253 1.9870738197504374 0.0
285 0.04359246804689902 0.0 1.8663764636132
286 1.185145048073089 0.0 1.5353518012752008
287 0.21519787082851177 0.0 1.2933317839977971
288 0.0 1.4864872792905934 0.0
289 0.0 0.0 1.2969061002105566
290 1.1384019609413523 1.258684016678001 0.0
291 0.45883985014194084 0.0 1.3528893601391863
292 2.575415957172216 1.4934164344230905 0.0
293 0.4008842998602558 0.4654945724191788 0.0
294 0.15300469668467376 0.0 0.9984980612420835
295 2.2036847488508244 0.06289037956839202 0.9909657030118709
296 0.7588877983214295 0.0 1.45264583142567
297 0.17357213345142636 2.0170161867959244 0.0
298 0.0 0.2477478798817656 0.0
299 0.0 0.06401584291524873 0.1602995214730023
300 0.8461761020948655 0.0 1.2081352740510485
301 0.23720615326778832 0.32526946840133947 0.5159636095969031
302 0.8931263981728412 0.043349752003672005 1.2614983863940288
303 1.360770683330267 0.0 0.9157797135238719
304 0.3006705576302633 0.6743841786940474 0.33224402562677624
305 1.5602926166521298 0.2675413411410776 0.6484117655887771
306 0.0 0.0 1.3833665068912604
307 0.0 1.783784735148712 0.0
308 2.220385458128844 0.14247455574557716 0.0
309 0.0 0.8939232137150238 0.21437917728872524
310 0.0 0.0 1.2104456935298529
311 0.5161584544817348 0.0 1.046498128050887
313 0.0 0.04451449457949943 0.8257667889021143
314 0.10345853670690926 0.0 1.3417449049078007
315 0.32651396804457467 0.0 1.2452657820076798
316 1.9079813632693274 0.39677934701818307 0.33695882325778787
317 0.0 0.17531306053565993 0.7981102028236922
318 0.0 0.5818463045914615 0.4001945262205134
319 0.4105480247861283 1.9428975410240743 0.0
320 0.8722726981533675 0.4455522780659254 0.7980039168961357
321 0.0 0.0 1.3401363035509086
322 0.21256880573353515 0.0 1.511639035716243
324 0.046903573833576656 0.0 0.09122251408043434
325 1.0042724451687008 1.5849824596692723 0.30085540367143604
326 0.32224139378775446 0.0 1.5513813689962679
327 0.19646917662844754 1.4999962367642061 0.0
328 0.0 0.0 1.9021289469754832
329 0.0 1.684601505152742 0.04330355837589241
330 0.26030843968383977 0.20923026097394154 1.03055822794927
331 0.0 0.0 0.9078342701473897
332 0.016386657003548417 0.0 1.4996175548014372
333 1.547171921897699 0.0028534767409830104 1.4088657170328922
334 0.14440848001341294 0.0 1.1784690855066036
335 0.4804661818687531 0.11535388174548457 0.369906330112145
336 0.0 0.10875323109153859 0.25095838703068973
337 0.7014458336426382 0.10802401978195983 0.6705965316696838
338 0.4036670311539484 0.0 1.7439811271109151
339 0.49679026764526785 2.3077723641947765 0.0
340 0.0 0.0 0.7349134567859821
341 0.0 0.8676838334124222 0.23727208249840123
342 2.036237425142173 0.004060657067579148 1.1363946795618207
343 0.0 0.0 0.8213738634666858
344 0.0 1.189189823432475 0.0
345 1.4019437425679695 0.0 1.5304645651002993
346 0.0 0.842342791598003 0.0
347 0.0837846431732931 0.0 1.3146502998197709
348 0.0 0.5053384413495918 0.596635464976174
349 0.0 1.5360368552669468 0.0
350 0.2955546058721329 0.41586021751473357 0.0
351 0.3819369362621519 2.4652889356697565 0.0
352 0.0 0.0 1.5130571169123161
353 0.0 0.2660133357477208 0.11375466393816078
355 0.0 0.10677101361341351 0.29591800304422056
356 0.9903514930788596 0.0 1.0898894279599225
357 0.0 0.0 1.8588987436351312
358 0.7289179242891901 1.1976701688498905 0.0
359 0.0 0.7927932156216498 0.0
360 0.5207581929784806 0.0 1.518257876531445
361 1.9327870428797 0.2578635918919549 0.6539643383045873
362 0.5105045929690716 0.0 1.5698975983084569
363 0.0 0.0 1.4265967102316122
364 0.0 0.19780671580502357 0.043571849719193805
365 1.1046657106009476 0.5565766516776212 0.3808508053354623
366 0.0 0.0 1.4698269135719642
367 0.0 0.6832491123928566 0.22526385689560502
368 0.43156835956850803 5.664898812537583e-07 0.16480996086735697
369 0.0 0.0 1.5995175235930197
370 0.0 0.0 0.21615101670175946
371 0.4596776557260236 1.880265202206783 0.05758083871037478
372 0.0 0.0 1.167215490189501
373 0.7942732036986069 0.6407376786682351 0.0
374 0.07979008029007321 0.7004305632146262 0.44744503391698137
375 0.29721336590708786 0.0 1.398987361995803
376 0.2676622078718291 0.0 1.725835249458601
377 0.0 0.0 1.5995175235930197
378 1.4244395105107703 0.07273156280167638 1.3188683448047143
379 1.0748165291787308 1.5166553192611203 0.0
380 5.2813185913285505e-06 0.27078048274290084 0.4122025934200829
381 0.0 0.2972974558581187 0.0432302033403519
382 0.0 2.031532615030478 0.0
383 0.0 1.1396402474561218 0.0
384 2.2238706932103534 0.1878045456208836 0.6060458570058278
385 0.0 2.180181342959537 0.0
386 0.1543222025144682 1.486336408156173 0.13294506795986147
387 0.09270253426699564 0.05160749046020623 1.0461595911481507
388 1.1216655852128692 2.760904197933039 0.0
389 0.5534990073334835 0.0 1.8372470337121483
390 0.09473836174687514 0.18422524137592677 0.1506420759896669
391 0.0 0.4889307501226394 0.3083391555802638
392 0.0 1.4369377033142403 0.0
393 0.0 0.7988071307368281 0.5567457211618121
394 0.0 0.0 1.2104456935298529
395 0.21335014601810492 0.0 1.683919030679979
396 1.0521607323420348 0.0 0.8662755958867818
397 0.0 0.0 0.5619926434245747
398 0.18576893526269844 0.12266678946161029 0.0
399 0.31835813105160843 0.0 1.3816454243194243
400 0.0 0.0 1.8588987436351316
401 0.0 1.7342351591723593 0.0
402 1.9417296416301528 0.0 1.217448275510776
403 0.0 0.0 0.0864604066807038
404 0.0 2.5270283747940088 0.0
405 0.0 0.17817248350480586 0.7091550535754385
406 0.7964286406954753 0.08648529829002251 0.7844086841702318
407 0.9310277988407201 0.3602372668969653 0.2622573600282306
408 0.0 1.8828838871014184 0.0
409 0.0 0.0 0.25938122004211134
410 2.249679452175992 1.6880714399900667e-07 0.4028895950742799
411 2.2594910565188124 0.0 1.1729863880117462
412 0.0 0.0 0.1296906100210557
413 0.49532717563122336 0.0 1.27973397577705
414 0.6855102434584855 0.30371572907646716 0.037400012628865054
415 0.0 1.5360368552669466 0.0
416 0.3072243233405619 0.9499355246258328 0.0
417 0.2316971103829475 0.0 1.7553321237399735
418 0.2944992949691721 2.3492857175333364 0.0
419 0.0 0.13130923177882936 0.10158848658095204
420 0.30668808641812745 0.0 0.9156844069923284
421 0.9502972296640342 0.3419914276726218 0.4785233309657301
422 0.0 0.0 0.8646040668070378
423 0.21182218954966633 2.377456121997878 0.0
424 0.33244277496358177 0.0 0.4622595944717496
425 0.0 1.238739399408828 0.0
426 0.10830467610534755 1.0873788412282153 0.0
427 0.291492379264841 0.1643096681156362 0.9577138107696626
428 0.6582574587705532 0.17400332740369392 0.0
429 0.0 0.0 0.9078342701473896
430 0.03654492016246763 1.104529252063235 0.13035125935893743
431 0.0 0.0 1.9453591503158356
432 0.0 0.0 1.9453591503158356
433 0.40804535396568387 0.0 0.7028653533662474
434 0.6087325368410171 2.103442738482035 0.0
435 0.07537386120843788 0.0 1.4512390359560712
436 0.2359379598708893 0.0 1.7518539792908805
437 0.965405655776304 1.7681549017007634 0.0
438 0.12404998463951147 0.0 1.4545473818957912
439 0.0 0.3652322419729286 0.24334079271090897
441 0.9037979512004266 0.09184388214421996 0.47552326062010053
442 0.0 0.0 1.8156685402947794
443 0.9940003112716367 0.07406003238428557 0.8061311375966758
444 0.06642300613660684 0.14548528880121564 0.46704541330871546
445 0.0 1.0897912627940056 0.04349142653171842
446 0.6588042720912941 0.0 1.1456577824994625
447 0.16805115767727777 0.9321154663552527 0.0
448 0.0 0.0 1.7724383369544274
449 2.2210892626385252 1.1158001136536408 0.014835681933735816
450 1.212502220263376 0.157521952286504 0.33795768496281975
451 0.0 1.635136007219653 0.0
452 0.0 0.3153207543577491 0.3301169541368233
453 0.6897294940134353 0.0 0.6447621393740868
454 0.0 0.0 0.043230203340351894
455 0.0 0.0 0.0432302033403519
456 0.3437236425348425 1.8075169864241358 0.0
457 0.0 1.7342351591723593 0.0
458 0.0 0.0 0.5187624400842228
459 0.1399665745910719 0.0 0.793040296473787
460 0.0 0.0 1.4698269135719642
461 0.4904635178289697 0.0 1.370183324870187
462 1.0127644499278943 0.0 1.633500022770443
463 0.1171071680816502 0.3215495510021242 0.6609388208222733
464 1.1427234150065313 0.0 0.8784607676410591
465 1.4316048198238964 1.7632108826638815 0.227181788452248
466 0.7355924864595224 1.4886932536025184 0.0
467 0.9934757811036979 1.2801019987543607 0.0569449937370413
468 0.5030345940723875 0.0 1.3598731218838531
469 1.1943384367333234 0.0 0.14444531122069237
470 1.4048891228970128 0.21538158317972989 0.0
471 1.0661658586349068 1.524787315925193 0.0
472 0.396585640792147 1.3614278615642683 0.0
473 0.144883824523592 0.0 0.8754678070080399
474 0.0 0.0 1.4698269135719642
475 1.9991165491636185 1.4341853544616718 0.1784888918773112
476 0.0 0.0 1.3833665068912604
477 2.4851280824752293 0.63684891674753 0.0
478 0.0 0.36248243616917575 0.15927949160679872
479 0.0 0.0 2.031819556996539
480 0.17997422908283858 0.6236098184379939 0.0
481 0.6662270067005308 0.12299122184191712 0.7296532138695291
482 0.0527099401370053 0.0 0.0
483 0.8321939541479793 2.0915778466058716 0.0
484 0.7125821748033805 0.1210974917269754 0.9958985284561253
485 0.0 0.0 0.08646040668070379
486 0.11047960876320287 0.18110849740891014 1.5238176013396052
487 0.19759082428415475 1.0333026325058705 0.27656266756467124
488 0.0 0.79279321562165 0.0
489 0.8830253434758824 0.0 1.4372944867507402
490 0.0 0.5874292289901926 0.049482000963548586
491 0.0 0.05001820455645542 0.6048139853688452
492 0.0 0.0 0.21615101670175949
493 1.2783644705894368 0.32534063238295247 0.5265967118314644
494 1.2881720967861308 2.0097861138452844 0.0
495 0.7019932741591417 0.0 1.4128476262594303
496 1.4718612519595722 0.016652677917383958 0.8966000268030921
497 0.0 0.23392580812589503 0.09851966169585029
498 0.0 0.6344821624730109 0.008430027417033446
499 0.0 1.189189823432475 0.0
500 0.06952031286575429 0.0 1.326349229814873
501 0.09766231503417433 0.47605794933691226 0.0665513747584774
502 0.0 0.0 1.6427477269333717
503 0.10418537082062909 0.0 1.29791858655671
504 1.217805756616034 2.018597274471508 0.05002373145343559
505 0.30323731490632755 0.3564434643044271 0.9966024350935709
506 0.7521216392122673 1.42196093807594 0.1311254950936044
507 0.0 2.7252266786994217 0.0
508 0.10516344294830152 0.9912325814732601 0.0
509 0.7840208157489095 1.2101687121584246 0.20328390647873648
510 0.0 0.0 1.4265967102316122
511 0.0 0.0 1.7292081336140754
512 0.9300047365470394 0.0 1.1393829874103865
513 0.07448200366318143 0.0 1.2790496820296744
514 0.0 0.0 1.6427477269333717
515 0.0 0.0 0.08646040668070379
516 0.0 1.6813435693053298 0.046145988939186484
517 0.992629807736378 0.0 0.5260282184610583
518 0.0 0.8918923675743562 0.0
519 1.4956195184685521 0.8567554790275973 0.14415547221180583
520 0.27490935757096635 0.0 1.4605102595256998
521 0.12016455975725794 0.8284821684517205 0.0
522 0.21191019638013775 0.0 1.901251026064078
523 1.2472313634662564 0.7104335856301993 0.0
524 0.0 0.0 2.075049760336891
525 0.0 0.0 1.9453591503158352
526 0.7571309378233705 0.0 0.2436410318974856
527 2.787167052721493 0.0 0.39436983203702536
528 2.013581887183933 0.8819240062327296 0.0
529 0.0 1.1043827846510377 0.07399105762205305
530 0.0 0.04954957597635312 0.0
531 0.13538070966679233 0.0 1.618175269754916
532 0.1710774536061888 0.0453050134489237 1.2035298827833127
533 0.0 0.10279013249045019 0.38585158375373146
534 0.02549149002972228 1.3099472677355655 0.13311782468894656
535 0.7187447026562703 0.0 1.6152599124999147
536 0.1952433923438724 0.0 1.6123089281570144
537 0.955523794643087 0.836002326108648 0.0
538 0.5484363694196244 0.013473803729886423 1.1811907162827102
539 0.1568887649986494 0.21417065361944684 1.111067847535467
540 1.34896234945874 1.0558639397756342 0.35010308335227824
541 0.0 0.20701814022161696 0.16522582687837284
542 0.5534455415634086 0.0 1.6211398671097448
543 1.6011813042706247 0.6746813737227839 0.1732015143621378
544 0.0 1.1396402474561218 0.0
545 0.16053239138991016 0.582190260010293 0.05208233566122569
546 0.0 0.4005447251842871 0.4719131551674717
547 0.0 0.0 0.2593812200421114
548 1.2301189198141786 0.13085222106352162 1.2546119409380898
549 4.203055037297613e-06 1.5855824801935667 0.0
550 0.2650212758744941 1.4851039362917982 0.0
551 0.0 0.09909915195270623 0.0
552 0.0 0.0 2.204740370357947
553 0.49988344453529143 3.048108286568489 0.0
554 0.35495921653474594 1.0537114313962928 0.0
555 1.0845701397672538 0.27603157113695587 0.42594660841101484
556 0.0 0.5450453357398843 0.0
557 1.354626075920297 0.5431347862012772 0.18757265851953805
558 1.8340702757362557 0.0 1.1328245891616422
559 0.0 0.9909915195270622 0.0
560 0.0 0.0 1.6859779302737237
561 0.0 0.0 1.2536758968702046
562 0.06179139038489315 0.0 0.12224243345661563
563 2.4119042884004482 1.3993764478488906 0.0
564 0.46979433775978097 0.31306539733397076 0.11970235766907872
565 1.6939002312438314 0.0 0.9019438125153673
566 0.590503712300845 0.0 1.3745954890754397
567 0.0 0.891892367574356 0.0
568 0.15097988461728254 0.25446912232516034 0.0
569 0.45839044292748504 0.16560659052606197 0.47385875740150707
570 0.0 2.180181342959537 0.0
571 0.11765681524256283 0.8285896527980263 0.7801066175493496
572 0.20350098402917904 0.0 1.4758458314526208
573 0.0 0.34684703183447185 0.0
574 1.2667496790377746 0.0 0.9496610971681352
575 0.7486781294009792 0.0 1.547479726338793
576 0.0 0.0 0.7349134567859821
577 0.0 0.0 0.1296906100210557
578 0.8202506233344505 1.2334569352922948 0.23971220827080963
579 0.0 0.1530542197922053 0.4716886052837559
580 0.0 0.2972974558581187 0.0
581 1.7313579567848194 0.008071742437835976 0.5615690300459806
582 0.0 0.10046465659480827 0.6904919002972514
583 0.0 0.0 0.6484530501052783
584 0.0 0.396396607810825 0.1296906100210557
585 1.160925171791946 2.1294036122026805 0.0
586 0.07489034932658992 0.0 1.4084053862243069
587 0.0 0.09909915195270624 0.0
588 5.124034095519913e-07 0.8423423099170978 0.0
589 1.1749457711991171 3.0251330124173094e-05 1.5004601699160287
590 0.6778127194693182 0.0 1.3894491717961688
591 0.6003221572130792 0.14749529407085263 0.02741288984627554
592 0.0 0.0 0.1296906100210557
593 0.9324543216904784 0.3207159087371845 0.25233813795992494
594 0.0 0.4087155155116041 0.0757126076462607
595 0.022120817459365394 0.16695529756054278 0.5278783773914403
596 0.366710116011037 1.8354583038637373 0.0
598 0.24671417568138435 1.1059167779618002 0.0
599 1.3994672871948 0.11861392533369634 0.9967072665592451
600 0.3327918321011411 0.35562410054647187 0.28139482762908247
601 0.0 0.47429734456480044 0.19141565981522346
602 0.0 0.0 1.3833665068912604
603 0.21517427155779945 0.0 1.0339699189628995
604 0.0 0.0 1.2536758968702046
605 0.0 1.6846855831960061 0.0
606 0.0 0.08078916384882984 0.7941184589675543
607 0.0 0.4558164824197781 0.2507697433844517
608 2.1979694868680086 1.000582752675176 0.13432038801593355
609 0.23984839746464776 0.09638032479261494 0.6702638173992399
610 0.280286106607872 0.0 1.326409893895525
611 0.32618927807368797 0.9996941454753117 0.0707238624978206
612 0.6856101689743614 0.8557545496458683 0.2041373105819081
613 0.0 0.0 1.3833665068912604
614 0.0 0.2972974558581187 0.0
615 0.22184106007342327 1.377046439882814 0.0
616 0.553607968791804 1.0651714954747442 0.0
617 0.0 1.635136007219653 0.0
618 0.21742054102170597 0.0 1.9399619049902634
619 0.0 0.0 0.9510644734877416
620 0.07591258931705026 0.06333253424109453 0.48770759320212176
621 0.12447118067421754 0.0 1.7135831568438809
622 0.26586057597098967 0.7906208949880825 0.0
623 0.0 0.057043915370761554 0.07992186806482335
624 0.0 1.5855864312432997 0.0
625 0.0 0.6441444876925906 0.0
626 1.473340060391744 1.7861708102810228 0.0
627 0.0 0.0 0.08646040668070379
628 0.6296400921066481 0.6197458846365147 0.5856409126908245
629 0.15864724626752344 0.39591020559290335 0.0
630 0.3934198712026724 0.5470807022707154 0.0646316501532594
631 0.9684552291333836 5.487608401133649e-07 0.8484660106425744
632 0.0 1.040268899807944 0.08669788752754753
633 0.0 0.1404061921477212 0.18011212611930943
634 0.24941016590340828 0.07560687229728269 0.20501355174423724
635 0.09658338347921912 1.4662385245614353 0.15460418955797434
636 0.0 1.4369377033142405 0.0
637 0.017011962727107102 0.8759004021601913 0.0
638 1.7290705725603996 0.2717596274078049 0.4198473496933349
639 0.7562055668390728 0.6040470647033072 0.3226137243666626
640 0.352766298751782 0.30108851998046293 0.13967221118724263
642 0.21621797241426294 0.0 0.903423314794741
643 0.39584531096806186 0.03492448988092193 0.7256311082363421
644 0.03836469975923736 0.0 1.3519015921641233
645 0.0 0.0 0.7781436601263341
646 0.0 0.0 0.08646040668070379
647 0.0 0.10014033419201182 0.43139363975871725
648 0.09346680331111695 0.3653133929184268 0.8150659840516791
649 0.0 0.79279321562165 0.0
650 0.0 0.15327180328025602 0.9038008050056219
651 0.32858336059234183 0.13022606966507302 0.30857718995145533
652 0.4337175255196877 0.5310282338949426 0.5643490524433992
653 0.0 0.0 1.7724383369544274
654 0.7604867134374252 2.566801239880367 0.07649779463037146
655 0.12074410112396436 0.0 0.5926546446069645
656 1.1288339852635347 0.20251602677257044 0.23763211559236208
657 0.0 0.8655193199116097 0.06623972846140279
658 0.0 0.0636807742910559 0.030901246642942814
660 0.0 0.0 0.0432302033403519
661 0.0 0.0 0.0432302033403519
662 2.3567109269659205 0.44891083956950645 0.22606062091612222
663 0.0 1.2882889753851812 0.0
664 1.3372387950923452 1.326002516071235 0.0808019004217324
665 0.0 0.05737462077037802 0.42547496635143167
666 0.0 0.6137250566298383 0.02653984750481375
667 0.48396514324104495 0.0 1.1593619680786376
668 0.0 2.180181342959537 0.0
669 0.5110923702497036 0.502790670735182 0.48229590306703185
670 0.1106695007133183 0.0 0.6441475593674582
671 0.0 0.0 0.5619926434245747
672 0.524202820484398 1.3405614600632392 0.0
673 0.36377029679342177 0.829198125236027 0.2318834674458245
674 0.0 0.3555848925041101 0.16529734764924092
675 0.7935887753455553 0.0 1.4674159323837643
677 0.0 0.0 0.3890718300631671
678 0.8175945551203347 0.2200233208646401 0.3479309084227028
679 0.0 0.0 1.0807550835087971
680 0.0 0.045915219075143655 0.5651634876700566
681 0.675301633899125 0.1367839306691503 0.0617239462149878
682 0.0 0.0 1.1239852868491491
683 1.1025806963829565 0.0 1.1275349461643083
684 0.0 0.09945137164949812 0.3023041245042639
685 0.0 0.046858046206439165 0.4778804985999465
686 0.03915308106557669 2.093826212662224 0.0
687 0.2536175073446213 0.1022713596734951 0.1350688899982375
688 0.0 0.044589678464232674 0.8689313970368384
689 0.3078466049997448 0.9458121492793912 0.17600794239321174
690 0.004204662469048041 0.7897380796815886 0.12890763947394654
691 0.0 0.069410344961753 0.025902404568787438
692 0.05426461654804062 0.0 0.4742571645809579
693 0.0 0.069410344961753 0.025902404568787438
694 1.3645387628263754 0.0 0.9991497193732339
695 0.0 0.2576511998408615 0.2075107301374386
696 0.0 0.0 1.2104456935298529
697 0.3331245050556344 0.28144376925741804 0.0
698 0.0 0.051208854512564614 0.7334657965970648
699 0.11935758820174315 0.0 1.2854750504645658
700 0.666799092294097 1.652461109446958 0.0
701 0.0 0.049549575976353115 0.0
702 1.1909004561968746 0.0 1.0118690472833687
703 0.3464592943228598 0.12296324460981743 0.6460943709056239
704 0.0 0.5228280798588651 0.10584415458319749
705 0.8291449217232398 0.12138948179942767 0.20836126467815477
706 0.0 1.8923064077616538 0.16470000670273838
707 0.1782645103666575 0.7243161783899013 0.0
708 0.0 0.0 1.3833665068912604
709 0.0 0.1012981799584269 0.4303834614285782
710 0.2737061227114207 1.625588540393914 0.0
711 0.0 0.6407892416232526 0.04615753353392644
712 0.0 0.09903349115745864 0.043287489996677614
713 0.2595905323366233 1.5397586411838433 0.0
714 0.08565215614212161 0.0 0.2323635703790419
715 0.39793216882832494 0.0866310481138591 0.808498084077441
716 0.26158191612271003 0.0 1.2552897808271557
717 0.0 0.0 1.8588987436351312
718 1.8679604043627631 0.0 0.8888784896359121
719 1.7162168090743948 0.0 0.7539501993990998
720 2.11522154706487 0.0 0.38347515547919453
721 0.0 0.0 1.6427477269333717
723 0.0 0.0 0.9942946768280935
724 0.0 0.0 1.167215490189501
725 0.0 0.7025524146379241 0.07873181756357425
726 0.2635497006850265 0.0 0.0
727 0.0037858962579238337 1.0211532721890333 0.1435007675938177
728 0.8642385623417125 0.0 1.0636306872493586
729 0.33251412379883644 0.07125956710573392 1.5672451865245045
730 0.2880850337235187 0.0 1.2767833788885374
731 1.5117328906865741 1.997827803762685 0.0
732 0.0 0.0 1.0375248801684454
733 0.8490684770578091 0.0 1.2489932880574797
734 0.231131891410029 0.5755194493412903 0.0
735 0.08059827596579443 0.12243251118870871 0.0
736 0.9992592676216068 0.0 0.6935118619427387
737 1.0867780213602014 1.5935260847855053 0.09604361465081078
738 0.5001343056518424 0.3201088826911499 0.4777455942017459
739 0.0 1.6351360072196528 0.0
740 0.0 0.12519589376188905 0.23661276173138757
741 1.2380168595679824 0.704319377758335 0.1425823349514149
742 0.0 0.0 0.5187624400842227
743 0.385724287266334 0.11925820244987705 0.18482155939079142
744 0.6582374167797667 2.601951390565108 0.0
745 1.518557172314095 0.16577130056046668 0.6849714590249465
746 0.0 0.0 1.0807550835087971
747 0.0 1.189189823432475 0.0
748 0.12256487297231407 0.0 1.9312976370853137
749 0.0 0.1344694929650606 0.055601070267585054
750 0.0 0.25130909371818505 0.2995043938014158
751 0.01747426578310236 1.1727632735673015 0.0
752 1.6688665640946503 2.147412952060985 0.0
753 0.15405103339043882 0.6348830230023598 0.09788592632957213
755 0.7251368202243339 0.25629301064725263 0.7379580168929464
757 0.5774328418825806 0.16223496459279754 0.16301640863560246
758 0.0 0.3568859570534936 0.7693850629035444
759 0.2913191614187923 0.29620161062451783 1.231856781884334
760 0.0 1.9324334630777713 0.0
761 0.0 0.0 0.08646040668070379
762 0.0 0.0 0.5619926434245747
763 0.030949584023196145 0.23035748550452562 0.2059401164281997
764 0.0 0.2534104721292437 0.5138220342488872
765 0.0 0.0 0.9942946768280934
766 0.37400564535898456 1.927699349266251 0.0
767 0.4067352327427014 0.0 0.61747944623388
768 0.22256004914526156 0.49531770448462736 0.5957657663786435
769 0.029082548668009123 0.0 1.4027445774212575
770 0.45014602095779466 2.0543224755904497 0.0
771 0.6676382506074319 0.5615815936145927 0.0
772 0.14793459084570998 1.1987737709882762 0.0
773 8.319553588124382e-05 1.4007422549261592 0.20443179290857602
774 0.3761675728727828 1.975216621822758 0.0
775 0.0 0.0 0.6916832534456303
776 1.094791107813516 0.0 0.3990101420104353
777 1.818584046234088 0.0 0.151230986336174
778 1.4890118548561793 0.739117854381016 0.4251301291980567
779 1.4472229248982171 0.3619505992462142 0.010324491398854453
780 0.0 0.14864872792905934 0.0
781 1.5609275596365786 0.1537496531124498 0.44455870212333326
782 0.0 0.0 0.2593812200421114
783 0.0 0.10159575926315396 0.6462748510074058
784 0.0 0.050892558772742624 1.0363531765115215
785 0.9003601244533198 1.2842551200600338 0.0
786 0.0 0.0 1.8588987436351316
787 0.9364773405820483 0.0 1.4799160900133164
788 1.604435031411457 0.4209724568265798 0.08927334240094567
789 0.0 0.10032594244101357 0.3015410932894097
790 0.0 0.0 0.08646040668070379
791 0.0 0.04569675963428704 0.6085842889290337
792 0.9318329437061612 0.0 1.0946533749067595
793 0.22077116448107648 0.09428252567204995 0.6012799096222572
794 0.0 1.0405089183338962 0.04325827675074597
795 0.0 0.05909644957587436 0.8995049700708582
796 0.0 0.15856677439581662 0.1642676784546307
797 0.0 0.0 1.0375248801684454
798 0.1639068715659846 0.0 0.6437149856057216
799 0.0 0.0 1.2969061002105566
800 0.0 0.3963966078108249 0.0
801 0.0 0.0 0.5619926434245747
802 0.527099401370053 0.0 0.0
803 0.10454116244399461 0.05037560794996155 0.0
804 0.27884903818879136 0.0 1.6301999329206807
805 0.0 0.05677888317724521 0.12338330235703887
806 0.4399830988714021 0.0 1.8006568103055582
807 2.042341639304637 1.3999339570136873 0.0
808 0.31096899945722634 0.0 1.0418640143318867
809 0.0 0.14853419469426132 0.7350133828687384
810 0.0 0.0511586109286123 1.4684230890831111
811 0.0 0.46948997295466266 0.10914951006091744
812 0.5330566945567783 0.05261759523132786 0.7273508310429948
813 0.0 0.29708336943319735 0.17310759598263883
814 0.0 0.3805885066259147 0.01379199347688996
815 0.7102700436905233 2.404389789776347 0.0
816 2.422370090385755 0.350885359857527 0.5171149629812555
817 0.0 0.17442934970984542 0.10719795494049622
818 0.4007907454070763 1.7043219169759938 0.0
819 0.0 1.4864872792905934 0.0
820 0.5912799451507929 0.0 0.5525849960877283
821 0.0 1.5225078621491317 0.05503375790058617
822 0.0 0.4459461837871781 0.0
823 0.0 0.0 0.043230203340351894
824 0.07742641260725816 0.0 0.801102580138191
825 1.3221801229283847 0.28177026907159103 0.18283311423485837
826 0.46741532962899096 0.13134907354434228 0.4531152061562751
827 0.0 1.3873881273378872 0.0
828 0.004028683077311493 0.8881052348683611 0.0
829 1.0727548130096916 0.08653447798022432 0.12543406799285298
830 0.5162055925909654 0.11949358882792929 0.6828244362768281
831 0.0 1.189189823432475 0.0
832 2.7117425971247917e-07 0.10643676507233613 0.7285114337417169
833 0.0 0.9921131189363457 0.38809327536165206
834 0.0527099401370053 0.0 0.0
835 0.0 0.2780964761561275 0.4058239866759136
836 0.8038386672223381 0.5326465859091797 0.0
837 0.0 0.25934913588158426 0.2924897493621854
838 0.26682243890486773 0.0 1.1645313448773318
839 2.992034327017585 0.7053165836939259 5.612700024454996e-05
840 0.7512293328413744 0.0 1.7615383664754451
841 1.2361431224942074 0.0 0.3263100991518416
842 0.05270994013700529 0.0 0.043230203340351894
843 1.081685410248772 0.0 1.0582118662589286
844 0.0 0.049549575976353115 0.0
845 1.9337583706813746 0.0 0.4458422753229847
846 1.9509633373900759 0.14714068456868967 0.5195076939196306
847 0.183247914646616 0.39867648179780113 0.10710082833584711
848 1.089947917114418 0.4618900782891613 0.0
849 0.0 1.1396402474561218 0.0
850 2.218195757754269 0.0 0.7313226048831071
851 0.9176184162136294 1.862626506638947 0.0
852 0.25948131887048725 2.032588630771153 0.08887576595456961
853 0.34983328871391506 0.0 0.2750759031092286
854 0.9112782102475462 0.5802975933673946 0.0
855 0.2026531834859183 1.295984704522239 0.0
856 0.11723539856169164 0.6581531329427532 0.15100824971955373
858 0.0 0.049549575976353115 0.043230203340351894
859 0.0 0.6220006355959483 0.10578011245040345
860 0.5211594867889239 2.1362155382427543 0.0
861 0.13209046251913031 0.9659200427268001 0.0
862 0.0 1.6505324556364505 0.07302756527566255
863 1.8512599273514074 0.6381169149428243 0.0
864 0.4326805089923443 0.0 0.4665097460624974
865 0.4640535739413614 0.0 0.5704696500036215
866 0.0 0.0 1.3833665068912604
867 0.0 0.049549575976353115 0.0
868 2.1485741622634658 0.8045751267585868 0.0
869 0.5979150291316557 1.9154133499410984 0.0
870 0.0 0.0 0.34584162672281515
871 0.5019043884856 0.0 0.712347013019757
872 0.16809166604137127 0.0 0.9861244415531891
873 0.0 0.0 0.8213738634666858
874 0.0030876387266061418 0.24938859473629854 0.12572681051908738
875 0.0 0.0 0.0432302033403519
876 0.4103998890574333 0.0 0.3118624448286266
877 0.0 1.4864872792905934 0.0
878 1.2920729355046314 0.0 0.7992015482437786
879 0.0 0.0 1.9021289469754834
880 0.0 0.1981983039054125 0.0
881 0.0 0.8918923675743562 0.0
882 0.0 0.0 1.0375248801684454
883 2.3707025187205075 0.8983796090070613 0.08182144028598859
884 0.0 0.2269084217692711 0.14787227946936385
885 0.7085923530681497 0.17623519008133437 6.813886628890542e-07
886 0.08600479253733712 0.0 1.2695992348316139
887 0.23724924621121757 0.0 0.9294046607016414
888 0.04467904830146854 0.9123811475477298 0.07517124933147011
889 0.6858266766703119 0.0 1.5990275193114456
890 0.0 0.0 0.3026114233824633
891 0.3714315491127862 0.41322127495575245 0.2859133230716639
892 0.0 0.1981983039054125 0.0
893 0.2720256228355633 0.014969366240644535 0.15290903460680927
894 0.0 0.0 0.9078342701473896
895 0.5444588636887863 1.7416370260741436 0.06576513586868019
896 0.22847126203476234 2.2627061368267722 0.0
897 0.0 0.0 0.9078342701473897
898 0.344887241567925 0.29847262215696757 0.191646720824447
899 0.5773150417208622 0.0 1.4286424171071805
900 0.6802785359397239 1.4911411336412752 0.0
901 0.4754079774765512 0.06711399255506034 0.5458329897118782
902 0.0 0.05005586263776835 0.0427884866376311
903 0.5208995411382703 0.6443915284630206 0.004869298445112457
904 0.0 0.10769814691312524 0.295109112952219
905 0.7362328497190643 0.0636444219515643 0.8969364662186112
906 0.5462577760386568 2.063072507467863 0.0
907 0.5428232129017241 1.868102838363717 0.0
908 1.0692451448991656 0.0 1.5007168177320485
910 0.0 0.0 0.25938122004211134
911 0.0 0.0 0.5619926434245747
912 0.0 0.14812582671608535 0.043686415635176994
913 0.06666024630990114 0.3337331532413522 0.0
914 0.0 0.09909915195270624 0.08646040668070379
915 0.0 0.0 0.34584162672281515
916 0.0 0.0 0.4755322367438708
917 0.0 0.6936940636689436 0.0
918 0.0 1.2301216481719488 0.05074887793980044
919 0.0015697859209607612 1.1381645822105328 0.0
920 0.9042120718232163 1.9743281900726475 0.0
921 0.10581148127531222 0.0 0.9507433008423061
922 0.0 0.4732158122060825 0.10589885079131621
923 0.0 0.24774787988176558 0.0
924 0.9597837287435595 0.31767975047397556 0.31903319346489767
925 0.0 0.9921531415191872 0.04221673039059045
926 0.413740245770267 0.0 1.3034175188503088
927 0.2662045344849417 0.05614846738676578 0.4675975746427695
928 0.16815410778682835 0.10662761429428967 0.1149008533292058
929 0.0 0.0 1.2969061002105566
930 1.2274264969382869 0.0 1.4142141472438792
931 0.12893167375834758 0.0 0.6291697875824538
932 0.1296010150437378 0.0 0.88800204551616
933 0.045064095616873474 0.3540344494822426 0.0
934 0.0 0.0 1.5130571169123161
935 0.9488520395080922 0.0 0.6483930829608471
936 1.042363961526787 2.5877032027122766 0.0
937 0.0 0.4954957597635312 0.0
938 2.072105539805177 0.4241005241195057 0.5243568186065475
939 0.0 0.049549575976353115 0.1296906100210557
940 0.0 0.38800109519361253 0.13701538950578407
941 0.3615649986392162 0.0 0.5248353287747469
942 0.0 0.09909915195270623 0.0
943 0.0 0.0 0.3458416267228152
944 0.6983648588841829 0.0 0.6376798209667763
945 0.21038591606517912 1.0409677285374423 0.0
946 0.0 0.0 0.5619926434245747
947 0.790751068377132 0.0 0.38898820210182344
948 0.0 1.2882889753851812 0.0
949 2.009173328713818 2.124807637304378 0.0
950 0.0 0.0 0.6052228467649265
951 0.8718653374821588 0.0 0.8412245498000578
952 0.0 0.4217013863656621 0.6696057542773176
953 0.9817885790238688 1.7032046840606176 0.0
954 0.0 0.049549575976353115 0.0
955 0.0 1.1396402474561218 0.0
956 0.5227301616613778 0.15275599829099074 0.0
957 0.0 1.5360368552669468 0.0
959 0.0 1.189189823432475 0.0
960 1.10625076744121 0.8740692908065884 0.18901044014219842
961 0.0 0.0 0.8213738634666858
962 0.8668029604709024 0.0 0.9318368790026481
963 0.10912927944918428 0.4424591914707543 0.0
964 0.0 0.9362351002010496 0.00454278149372187
965 0.0 0.19819830390541246 0.1296906100210557
966 1.0668028865287862 0.167116438173782 0.060010726790647506
967 0.0 0.14864872792905934 0.0
968 0.413672971788432 0.0 0.5253290336664369
969 0.0 0.05504160767848062 1.1191936888877874
970 0.0 1.4369377033142403 0.0
971 0.934963424156414 0.12914693279068523 0.7632588831182463
972 0.1339815980240917 0.0 1.4896321450213144
973 0.07724601688914222 0.6191746968502726 0.2178129199907452
974 0.0 0.4068405600142028 0.12057864148182112
975 0.0 0.4610655481693616 0.4191109377434753
976 0.0 0.2834956533316688 0.6604946209547758
977 1.090921357171263 0.45889753127700983 0.2611937389388216
978 0.4301426474665291 0.20345178501334304 0.03170567557391117
979 0.780594979652758 0.02206042310990146 0.8536030661195801
980 0.0 0.3963966078108249 0.0
981 0.0 0.0 0.7349134567859822
982 0.0 0.047280174220455704 0.47751220725694277
983 0.44781887177541885 0.0 1.275467839379354
984 0.15812982041101586 0.0 0.0
985 0.08906946317243498 0.0 0.14310044987599504
986 1.4460550879663743 0.08900433152985761 0.552029413309524
987 0.3551943563615879 0.14651372646638167 0.013160499737034224
988 0.28281551682274947 0.0 1.0217239677222012
989 0.08681263637636746 0.0 1.2257064761300196
991 0.34743816512680026 1.116456817150572 0.2972669703068373
992 0.5387991925076532 1.7232368600209438 0.0
993 1.0245340794628748 0.622481007887512 0.0
994 0.15508225559062888 0.9938563595215326 0.0
995 0.0 0.0 0.9510644734877416
996 0.0 0.26495530062759187 0.15790796444903613
997 0.7192693251397633 0.0005473618387200011 0.8362084284898694
998 2.053571481973293 1.5380261572542926 0.0
999 0.0 0.24774787988176558 0.0
1000 0.0846093216867897 0.0 1.5301249541554147
1001 0.0 0.0 0.0432302033403519
1002 0.0 0.14864872792905934 0.0
1003 0.0 0.10179610587311612 0.38671883583301425
1004 0.9083093282406958 0.0 1.459787959982953
1005 0.0 2.031532615030478 0.0
1006 1.6197895274232674 0.08304390122514185 1.1496543472701934
1007 0.09202908010850225 0.05213172888236162 0.8301035307778464
1008 0.22441904494141846 0.17629003511216076 0.4402791136152371
1009 0.0 0.0 1.8588987436351314
1010 0.2835172421075873 0.05059221976853106 0.24209511686411556
1011 0.6581524686172875 0.011004737878436798 1.352742143975373
1012 0.0 1.7342351591723593 0.0
1013 0.0 1.0398791554831268 0.043807721938893526
1014 0.0 0.7100536808085074 0.11541743892770129
1015 0.1081964751795712 0.9883814027280102 0.0
1016 0.0 0.28494145154876577 0.05401036781688562
1017 0.17954550717451329 0.0 1.5387231854603902
1018 1.2432331632350058 0.0 0.40695558928892184
1019 0.0 0.14864872792905934 0.0
1020 0.1601855635731581 0.22445918307217755 1.4884594312792627
1021 0.0 0.0 0.08646040668070379
1022 0.23822889923175455 0.6903445107413567 0.11014969523222393
1023 0.13435545622519576 0.0 1.2731745074808256
1024 0.0 0.7432436396452967 0.0
1025 2.024744303975275 0.0 0.19829909685959965
1027 0.0 0.0 0.7781436601263341
1028 0.0 1.6846855831960061 0.0
1029 0.7424775997338836 1.5813201074951815 0.0
1030 0.06602835675540451 0.0 1.15629235392548
1031 0.6827301349464368 2.6780263501830777 0.0
1032 0.0 2.7747762546757744 0.0
1033 0.0 0.1518002028850055 0.08371085937413156
1035 0.0 0.6441444876925906 0.0
1036 0.27153659501300953 2.321322051978105 0.0
1037 0.0 0.0 1.3401363035509086
1038 1.0015234921331453 1.6351034539948621 0.0
1039 0.0 1.684685583196006 0.0
1040 0.4899599651826593 0.6311022944587661 0.3444502741610368
1042 0.0 0.3151581519700204 0.20056820878658727
1043 0.0 0.0 1.8156685402947794
1044 0.0 2.7252266786994217 0.0
1045 0.07585492717616088 0.0 1.1914632683286137
1046 0.6339656312039434 0.20254480601240998 0.5570142507857252
1047 0.0 0.0 1.6427477269333717
1048 0.0 2.180181342959537 0.0
1050 0.0 0.8918923675743561 0.0
1051 0.0 0.09909915195270624 0.08646040668070379
1052 0.2698460307851534 0.0008490156776589035 0.2967067355110797
1053 0.0 0.0 0.5619926434245746
1054 0.35151290854600536 0.0 1.0086118150395913
1055 1.532090871936219 0.38999295808643886 0.6943975313650643
1056 0.0 0.0 1.6427477269333717
1058 1.0019863837615568 0.15833395678046897 0.25052316668353247
1059 0.72516033932017 0.7552562740660036 0.0
1060 0.20499634635459427 1.0460341523117884 0.0
1061 0.5133210379135469 0.0 0.48683259968061143
1062 2.570946052185888 0.0 0.9607759143363517
1063 0.10886793667949542 1.3347033494253874e-06 0.2565521225544457
1064 0.48293950269712843 0.09405247009182346 0.34323233296219846
1065 2.115672491446441 1.5787477303461626 0.0
1066 0.0 0.0 0.0432302033403519
1067 0.0 0.0 0.8213738634666858
1068 0.0 0.0 0.4323020334035189
1070 1.598918538058165 0.08253529182658743 0.0
1071 0.7588202471127194 0.0 1.1068596070137062
1072 0.0 0.77923404881951 0.3144413033851094
1073 0.09788489402637687 0.35393023801128526 0.0
1074 0.18628585077903523 0.0 0.6685910071842451
1075 1.442772644318281 0.7743643804060653 0.0
1076 0.0013379720699085594 0.9401841931423449 0.0
1077 0.0 0.049549575976353115 0.08646040668070379
1078 0.3674583879479716 0.27211431535845826 0.7148940369657848
1079 0.007659426479579268 2.3216298856237536 0.0
1081 0.6723894775180541 0.4830025669700837 0.32404183162944655
1082 0.0 0.0 1.3833665068912604
1083 0.0 0.3468470318344718 0.0
1084 0.0 0.0 0.9510644734877416
1085 0.3037125625594903 0.0 1.696268451249599
1086 0.0 0.0 0.3458416267228152
1087 0.0 0.0 0.9510644734877416
1088 0.02415297687188414 0.21080743019154136 0.18534088165104073
1089 0.0 1.2882889753851812 0.0
1090 0.0 0.5450453357398843 0.0
1091 0.4611575681816893 0.6397624434835716 0.23082636465719808
1092 0.0 0.049549575976353115 0.0432302033403519
1093 0.7174765628011188 1.4561734130681092 0.0
1094 0.0 0.0 0.043230203340351894
1095 1.5164879473481123 0.0 0.4422261415854578
1096 0.0 1.3873881273378872 0.0
1097 0.0 0.04462237449562469 0.047529007471641065
1098 0.0 0.05207697359714534 1.597312461068955
1099 0.0 1.8828838871014182 0.0
1100 0.0 0.0 0.08646040668070379
1101 0.6040406322347942 0.5232942599181485 0.25848488261485003
1102 0.4679949632620709 0.0 1.0427693453836644
1103 1.3063310262423513 0.15938164000704713 0.0
1104 0.0 1.3378385513615343 0.0
1105 0.0 1.0908709228918319 0.1290098690351753
1106 1.058106107453057e-07 0.04954955145913652 0.17292074797092222
1107 0.0 0.0 1.5995175235930197
1108 0.0 0.0 0.4323020334035189
1109 0.2227746774461969 1.1779704961086246 0.0
1110 0.0 0.0 0.1296906100210557
1111 0.22740047930614865 0.0 1.7156258142732574
1112 1.205484430693343 0.35328086259394575 0.0
1113 2.4773671864392477 0.0 0.0
1114 0.2881514173073184 0.10016608496341872 0.06535238042211972
1115 0.0527099401370053 0.0 0.0
1116 0.0 0.5945949117162375 0.0
1117 0.1919585055190347 0.11835543337069804 0.1283757182601415
1118 0.0 1.2387393994088278 0.0
1119 0.0 2.180181342959537 0.0
1120 0.5754420953599981 1.6609822165616883 0.11072254119719199
1121 0.0 0.10631960934285893 0.3827722435372276
1122 0.0 0.30270265577831224 0.12497476963209384
1123 0.0 0.0 0.34584162672281515
1124 0.0 1.4864872792905934 0.0
1125 0.669296102875784 1.3528163578945265 0.0
1126 0.0 0.0 0.043230203340351894
1127 0.3380945173573596 0.17767259526280374 0.0
1128 1.8151671576480992 0.10422213516924375 0.19279394373374112
1129 0.0 0.9414419435507093 0.0
1130 0.0 0.0 1.0807550835087971
1131 0.0 0.4207372616758662 0.10845427458752889
1132 0.0 1.3378385513615343 0.0
1133 0.0 0.10006493660261882 0.6043802347752975
1134 1.2050318919795067 0.9254496100235188 0.06316736710962721
1136 0.41571785825861074 0.8479470071395292 0.0
1137 0.07518668385123077 0.0 1.364932143303115
1138 0.0 1.4864872792905934 0.0
1139 0.13584439402180457 0.02094924458588821 0.0
1140 0.14991252984078884 1.642860608355054 0.0
1141 0.0 0.3468470318344718 0.0
1142 0.0 0.14864872792905934 0.0
1143 0.0 0.8918923675743562 0.0
1144 0.0 1.1396402474561218 0.0
1145 0.0 1.9324334630777718 0.0
1146 1.1401798422878628 2.148905100493983 0.0
1147 0.19798407442218224 0.5219835973802089 0.5061963914717016
1148 0.0 0.0 1.1239852868491491
1149 0.0 1.2387212693167273 0.04324602118647165
1150 0.0 0.05041066205938555 0.3018601570854358
1152 0.5051595718041683 2.2999048638482993 0.0
1153 0.0 0.049549575976353115 0.0
1154 0.0 0.9909915195270622 0.0
1155 0.0 0.25054648902509036 0.0840187219648984
1156 0.7996622344232256 0.8952868851296084 0.07610666807742113
1157 0.0 0.0 0.08646040668070379
