# Max Likelihood=  -74732.3306278295  N_real= 1
0 0.0 0.0
1 0.0 0.0
2 0.0 0.0
3 0.0 0.0
4 0.0 0.0
5 0.0 0.0
6 0.0 0.0
7 0.0 0.0
8 0.0 0.0
9 0.0 0.0
10 0.0 0.0
11 0.0 0.0
12 0.0 0.0
13 0.0 0.0
14 0.0 0.0
15 1.6027173943970348 0.731116120993481
16 0.7574601870402589 1.0371188992558897
17 0.39705956069316967 0.7335887311031701
18 0.29040919715389873 1.0210954467619175
19 1.2999713605126104 0.12757991950966094
20 0.8449644006531994 0.5691431013315186
21 0.6655287497722423 1.005342947306637
22 1.0221037101438304 0.5056268531964018
23 1.8352565047458063 0.0
24 1.2636192327758016 0.0
25 1.3669406358010163 0.08633171148965921
26 0.6982527444238624 0.19486824457777727
27 0.4459532373256482 1.217258297998713
28 0.6320072348460958 0.840950550470611
29 0.12787374267031518 1.2365137891353326
30 0.01876417477354765 0.8874803719661785
31 0.21160772194296412 0.4026389466436743
32 0.0 2.1197523236856073
33 0.31072855745579153 1.2338993318126699
34 0.48896450430292404 2.077621941175968
35 1.143274543940011 0.0
36 0.9920306184542047 0.03455615267113897
37 0.0 1.5141088026325766
38 0.0 0.16823431140361966
39 1.0665045982153503 1.1289083780462443
40 0.0 1.8505774254398155
41 0.0 2.321633497369951
42 0.5978712346768051 1.1819482972453637
43 0.0 2.287986635089227
44 0.0 3.028217605265155
45 0.0 1.4468150780711286
46 0.04785244111285132 2.2344708709455343
47 0.0014579628913539248 2.5891778832237016
48 0.6860722310787322 0.1748434559920989
49 0.0 2.220692910527779
50 0.7891384446604963 0.5979291813317541
51 1.113188371731063 0.0
52 0.40031154690630166 1.032773633757167
53 0.9145571249018472 0.8950764449880534
54 0.8699055972532123 1.2141873666994933
55 1.1461663315041424 0.06405969474736284
56 0.3690254716648431 2.0771682756806418
57 0.5716372719700056 0.0
58 1.2636192327758013 0.0
59 0.090216586423411 1.0430996233337306
60 0.0 1.5477556649133004
61 1.0754516403736636 0.2440840366503905
62 0.0 2.557161533335019
63 1.383963921611592 0.0
64 0.0 1.8842242877205393
65 0.25400833060439354 1.6338010044657394
66 0.0 1.1776401798253375
67 1.564480954865278 0.0
68 1.1432745439400112 0.0
69 1.474222438238435 0.0
70 0.0 1.2785807666675093
71 1.1746704911126313 0.0658289380969097
72 0.8724989940594821 0.0
73 1.2335330605668535 0.0
74 0.9087852611771 0.19494729927617271
75 0.34236482151246284 0.35734736772920006
76 1.3237915771936966 0.0
77 0.0 1.8842242877205395
78 0.06142217119404757 1.0080081249959378
79 0.3636935958209727 1.3429002073644363
80 1.143274543940011 0.0
81 0.0460532198750028 1.4289583347766222
82 0.0 1.076699592983166
83 0.8128104921975712 0.30228065533926546
84 0.0 2.0524585991241593
85 0.6127699452647517 0.15588046000183883
86 0.2932216281648924 1.0515970276075772
87 1.0831021995221155 0.0
88 0.0 2.1870460482470553
89 0.05959456314265364 0.8081708562650499
90 1.0368270041847345 0.7583359596667418
91 1.0831021995221155 0.0
92 0.32935434496599086 0.13636959457342201
93 1.2034468883579061 0.0
94 0.7997850383709726 0.04767276973980662
95 1.03446150446101 0.1889847568493
96 0.9928436828952725 0.0
97 0.0 2.5571615333350195
98 0.8007044983872293 1.3252252585551267
99 0.020238204680969412 0.11195405857455726
100 0.0 1.4804619403518526
101 0.8140309873526372 0.536443750888796
102 0.24953619072207656 0.6966902769928853
103 1.3538777494026448 0.0
104 0.0 1.5814025271940242
105 0.19138069598095658 2.545012159160394
106 1.1567540994111654 0.2204531788714682
107 0.3039324191034548 0.6695031324671629
108 0.5745056117173388 0.5014951272561361
109 0.4313641653141499 1.1999271203243698
110 1.4543880385181072 0.2240629690678138
111 0.08568708573898462 1.4855743988075643
112 0.38696423222303844 1.0140537371218659
113 0.0 1.2449339043867853
114 0.31757512581477465 2.504823240669542
115 1.3870390559759085 0.8713793436419964
116 0.216732263065886 1.069845163125654
117 1.6246421524937062 1.2466008885548424e-05
118 0.7822404774326391 0.0
119 0.1740858539014351 1.891416595351601
120 0.06097875118490348 1.7487349938151535
121 0.0 1.345874491228957
122 1.474222438238435 0.0
123 0.9883662264258024 0.038654224471896904
124 1.3839639216115922 0.0
125 1.0530160273131681 0.0
126 0.9928436828952728 0.0
127 0.0 1.5477556649133004
128 0.8723154587356026 0.7067893645733649
129 0.9627575106863249 0.0
130 0.39112023871631957 0.0
131 0.03008617220894766 0.0
132 0.9928436828952727 0.0
133 0.8549527818733794 0.6252663225471533
134 1.0530160273131681 0.0
135 1.4441362660294874 0.0
136 0.3373882208336332 1.439612540690564
137 1.2034468883579061 0.0
138 0.03408814957456039 0.43293359938113984
139 0.7364543886824018 0.5222609314866485
140 1.895428849163701 0.0
141 1.0229298551042203 0.0
142 0.7220681330147438 0.0
143 0.03825577586855282 0.024510388311427073
144 1.0530160273131681 0.0
145 0.3235367756505303 1.6569844742239204
146 0.18040076580046524 0.8413015846919107
147 0.08153872199792189 0.14433922900894747
148 0.11916254206078111 0.9770810596564135
149 1.0555113918358359 0.06450303434498232
150 0.6067631513109957 0.6336542282712447
151 1.497931726945935 0.30995334640800665
152 0.9501856966688289 1.1244061399565064
153 0.0 0.6392903833337549
154 0.4076599274208375 0.5871463648132134
155 1.3237915771936963 0.0
156 1.3744393843478995 0.07794548814816928
157 0.8376569001302803 0.10625937056872739
158 0.37276914603833544 1.6355723288420008
159 0.06814757062679014 0.8995461895779224
160 0.4827709700013013 0.6040865381792284
161 0.6318096163879008 0.0
162 0.7521543052236914 0.0
163 1.1432717934188938 3.07604452273617e-06
164 1.6246532992831728 0.0
165 1.3237915771936963 0.0
166 0.4142168790721315 0.10875732783653635
167 0.6332638413941323 0.30119542839725577
168 0.04010857790431906 0.45984751732200146
169 1.0276238801664483 0.49945337259450684
170 0.7966301168001806 0.15214166223886622
171 0.0 2.1197523236856073
172 0.8073554873875977 0.8803779172161201
173 0.12054435210953146 0.03342356891434223
174 1.3839639216115922 0.0
175 1.3237915771936966 0.0
176 1.5644809548652783 0.0
177 0.0 0.7738778324566506
178 1.1853180278665774 0.18850871746704037
179 0.6712149098744022 0.9989838317456814
180 1.2161038123987482 0.15407944394018291
181 1.2636192327758013 0.0
182 0.9701493205725604 0.05902709604120415
183 0.20999632896451031 0.034325562442776764
184 0.7319250366977592 0.9647355406621207
185 0.8297241079085094 0.1487778688134354
186 1.2836877319477842 0.044850124121651735
187 1.5379816873150016 0.3324572089847626
188 0.05008060101743719 1.4917480387630904
189 0.0 1.5141088026325766
190 1.7187221270341042 0.1303261887422627
191 1.3237915771936966 0.0
192 1.2636192327758011 0.0
193 0.9969146923848817 0.8029718824125267
194 0.0 1.0094058684217182
195 1.4140500938205398 0.0
196 0.0 0.7402309701759265
197 0.0 0.7738778324566505
198 0.897162385435207 0.3088863259556706
199 0.0 1.4468150780711286
200 0.38761611979798316 0.6432092137466674
201 0.6983047886712288 0.3630443523119012
202 1.2239179263937687 0.14534053173791406
203 0.7655050374222266 1.0281219430797701
204 0.0 1.2449339043867855
205 0.15213495434522684 0.4355034373831077
206 1.053016027313168 0.0
207 0.8227021973548228 0.6949806170100941
208 1.383963921611592 0.0
209 0.3256411102499742 1.1835750202826638
210 0.20882119770795526 0.203874081558713
211 0.6618957885968485 0.0
212 0.782240477432639 0.0
213 0.45471538980075843 0.3999344524898404
214 1.5945671270742257 0.0
215 1.2781902624528059 0.32017311584059716
216 1.1030389380817076 0.14593806540786308
217 1.4742224382384352 0.0
218 1.4677125417871104 0.37739582596477156
219 0.6838093353856327 0.5474896498459556
220 1.038387806899632 0.1509469153337536
221 0.41772959135076493 1.349762791428323
222 1.3538777494026446 0.0
223 0.17320853461744384 0.24370149337216718
224 0.06359882614869264 0.4335772047634834
225 0.5342470336730543 0.24369653623308354
226 1.5945671270742254 0.0
227 0.0 1.4131682157904049
228 1.6183082510666524 0.24262401886455875
229 0.28267958320132003 0.020333989943621227
230 0.6017234441789532 0.0
231 0.8724989940594821 0.0
232 0.8758456875449001 1.1066036815398812
233 1.1733607161489585 0.0
234 1.2335330605668535 0.0
235 0.8724989940594821 0.0
236 0.0 0.6056435210530309
237 0.578239784000567 1.0693156754992046
238 0.0 1.1776401798253375
239 0.0 1.4131682157904049
240 0.10702300814954543 0.41866064524070995
241 0.30522535088744573 1.4755818773052882
242 1.5911160051382498 0.5422093577440856
243 0.6303842861704483 1.7512308562479495
244 0.0 0.03364686228072394
245 0.0 0.6056435210530309
246 0.062014030988531255 1.7812240512168533
247 1.5644809548652785 0.0
248 0.11275304345458312 1.0178959829119099
249 0.0 0.9421121438602702
250 1.4115839760629267e-07 1.7832835430139138
251 1.0831021995221157 0.0
252 0.8724989940594821 0.0
253 0.4512925831342149 0.0
254 0.052028842796035916 1.220394324868741
255 0.1311994087473271 1.030913357723294
256 0.12552667204156126 2.282191365619429
257 1.2335330605668535 0.0
258 0.0 0.8748184192988224
259 0.3900261205509239 0.6068671277974926
260 0.32999632794520284 0.3711796690531236
261 0.0 1.6486962517554722
262 1.2034468883579061 0.0
263 1.4441362660294874 0.0
264 0.5569202324005849 1.093158390072182
265 0.06851157782548906 0.8991391022289985
266 0.9363459751445519 0.2314185070754022
267 0.10136556123656083 2.645680559942356
268 0.0 1.0094058684217182
269 0.5716372719700056 0.0
270 0.22930053269790773 0.8875551308919224
271 0.11031421373498487 0.6505079623592007
272 0.06534127341836231 0.06151305425850287
273 0.503357483561778 0.682004203335018
274 0.8362196149632874 0.07421989575278529
275 0.19523683997956728 0.858356527561152
276 0.0 2.489867808773571
277 0.33094789429842425 0.0
278 1.0229298551042203 0.0
279 0.43556490137390647 1.430757264291124
280 0.11502349716781361 0.2414789891796647
281 0.8724989940594821 0.0
282 1.3624933081241628 0.2595396905576493
283 0.0 0.6392903833337548
284 0.40245203288288817 2.073432552565963
285 1.3237915771936968 0.0
286 1.7449670547997034 3.4594268949777774e-05
287 1.0229298551042205 0.0
288 0.0 1.0094058684217182
289 0.9025851662684298 0.0
290 0.19922381839341166 1.3586006255772576
291 1.1204153164666435 0.09285833521708266
292 0.4172605758413775 2.191458871810254
293 0.1310482328916866 0.42543890414616453
294 0.7822404774326391 0.0
295 1.4474848930197441 0.6018985849944261
296 1.444136266029488 0.0
297 0.0 1.4804619403518529
298 0.0 0.1682343114036197
299 0.10644453332742604 0.049192097308378806
300 1.1230818288846314 0.22446369092261828
301 0.43518220147626413 0.2871919390700728
302 1.2147264487686718 0.22291354273235034
303 1.2086427516370635 0.22971724371907792
304 0.3179203126706637 0.5529191887637508
305 0.9825091176343259 0.5835543169433528
306 0.9627575106863246 0.0
307 0.0 1.2112870421060615
308 0.6179552980748935 0.8230186677504132
309 0.14215886861139942 0.614894501478815
310 0.8424128218505345 0.0
311 1.0229297172163219 1.542068927792545e-07
313 0.5699845666592729 0.03549516480304688
314 0.9928436828952726 0.0
315 1.0530160273131681 0.0
316 0.7318238039666258 0.931201891977965
317 0.5518082465320675 0.12311637189843275
318 0.2732700485203038 0.40097262551211305
319 0.0 1.5814025271940242
320 0.7632347995158326 0.6268985156391618
321 0.9326713384773775 0.0
322 1.1733607161489585 0.0
324 0.09025851662684298 0.0
325 0.42420378993266517 1.477109822376704
326 1.2636192327758013 0.0
327 0.07418825963640861 1.0610248981160215
328 1.3237915771936966 0.0
329 0.0 1.1776401798253375
330 0.8640968443706483 0.14398399087898323
331 0.6318096163879008 0.0
332 1.053016027313168 0.0
333 1.579510915312001 0.3196598707425544
334 0.9025851662684298 0.0
335 0.4325755514416392 0.18916649856555934
336 0.17023741860913144 0.07878992872601004
337 0.6781146828276421 0.2846833646967248
338 1.4441362660294879 0.0
339 0.0 1.8842242877205393
340 0.5114649275521101 0.0
341 0.16996336321900696 0.5837993527058158
342 1.3773321099637967 0.6467070680364604
343 0.5716372719700056 0.0
344 0.0 0.8075246947373745
345 1.7800409358404516 0.09539717833315284
346 0.0 0.571996658772307
347 0.9627575106863252 0.0
348 0.43253566371148716 0.3237985561203219
349 0.0 1.043052730702442
350 0.11224886547535273 0.3455225845995843
351 0.0 1.9178711500012635
352 1.053016027313168 0.0
353 0.08756297229745602 0.1712488726509789
355 0.20427382023195914 0.07437219076509527
356 1.2326166055358625 0.10196550406992974
357 1.2937054049847492 0.0
358 0.2134155692451063 1.0399075244523759
359 0.0 0.538349796491583
360 1.3538777494026444 0.0
361 0.9534266317337896 0.8516067428866647
362 1.383963921611592 0.0
363 0.9928436828952727 0.0
364 0.03254788731177582 0.13183439072570277
365 0.6160636576085493 0.6905467342143358
366 1.0229298551042203 0.0
367 0.16009245513371573 0.4602510308811645
368 0.23347711770883112 0.14265327803639455
369 1.1131883717310633 0.0
370 0.1504308610447383 0.0
371 0.05974726500956331 1.5482310523507983
372 0.8123266496415869 0.0
373 0.11105072209486458 0.8179185998444045
374 0.35209488513299747 0.48105320292164555
375 1.143274543940011 0.0
376 1.3538777494026446 0.0
377 1.1131883717310633 0.0
378 1.4780500890336514 0.3321879706102466
379 0.0 1.7159899763169206
380 0.3029636168031438 0.16588365803807428
381 0.030094581235458565 0.2018717694518955
382 0.0 1.379521353509681
383 0.0 0.7738778324566506
384 1.0634249130631686 0.8295307825488922
385 0.0 1.4804619403518526
386 0.09886324459507173 1.1007233601456619
387 0.7727388229992305 0.044273034860592864
388 0.05199637939659478 2.532658259250666
389 1.4924991197701885 0.11414772744023315
390 0.13088187652739072 0.15645005049388636
391 0.23638050336969751 0.3076405888976871
392 0.0 0.9757590061409942
393 0.4061481119986239 0.5215433786066422
394 0.8424128218505345 0.0
395 1.259882855719942 0.03782543851681888
396 1.002280142376741 0.2249747741414794
397 0.39112023871631957 0.0
398 0.06082648978810029 0.1338558858309621
399 1.143274543940011 0.0
400 1.293705404984749 0.0
401 0.0 1.1776401798253375
402 1.5249372427775862 0.4816329090101249
403 0.06017234441789532 0.0
404 0.0 1.7159899763169197
405 0.4914794813107848 0.12329130506018098
406 0.9005401781902364 0.17052132324928848
407 0.45486776979296284 0.5343514874910449
408 0.0 1.2785807666675093
409 0.18051703325368595 0.0
410 0.8391026745783909 0.8112265970139826
411 1.5866787710653083 0.5808185995100668
412 0.09025851662684298 0.0
413 1.1338729607098568 0.044161120258403457
414 0.14509566587900602 0.5106695482332567
415 0.0 1.043052730702442
416 0.07162814249332511 0.761066243880915
417 1.3538777494026446 0.0
418 0.0 1.7832837008783677
419 0.06536563700095165 0.0951326695334477
420 0.8123266496415869 0.0
421 0.5824641218582294 0.5598884542259406
422 0.6017234441789532 0.0
423 0.0 1.7496368385976437
424 0.5114647260618954 2.253365253192652e-07
425 0.0 0.8411715570180983
426 0.037755042293366854 0.7653013537412068
427 0.7750426397462407 0.17628401116839168
428 0.08359453861964641 0.4448618675911627
429 0.6318096163879008 0.0
430 0.07686949091820533 0.7888514456156426
431 1.3538777494026444 0.0
432 1.3538777494026446 0.0
433 0.6682434285060019 0.06019484324322578
434 0.10179548957599532 1.7030876058438458
435 1.0530160273131681 0.0
436 1.3538777494026444 0.0
437 0.022656459163785794 1.7915927183858034
438 1.0831021995221157 0.0
439 0.17327262184358 0.2436298214407303
441 0.6410941762885949 0.2924383755566297
442 1.2636192327758011 0.0
443 0.9640915124932565 0.2340361554171423
444 0.35115300678736766 0.11199106721826016
445 0.031587305326166874 0.7385521783738546
446 1.1733607161489583 0.0
447 0.016627685572668957 0.7216354026632077
448 1.2335330605668535 0.0
449 0.5822805580006347 1.5358527489557687
450 0.614640297598186 0.4566105125190257
451 0.0 1.11034645526389
452 0.2341199795295124 0.20922805826036478
453 0.8223000374976488 0.02249312675948137
454 0.03008617220894766 0.0
455 0.03008617220894766 0.0
456 0.0 1.4468150780711286
457 0.0 1.1776401798253375
458 0.3610340665073719 0.0
459 0.6318096163879008 0.0
460 1.0229298551042203 0.0
461 1.2335330605668537 0.0
462 1.7149118159100156 0.0
463 0.49917956738848285 0.24926736507027442
464 0.9943431115893786 0.30114487486555575
465 0.41122744248034887 1.8280905397303224
466 0.0 1.4804619403518529
467 0.12068535369578537 1.4127872333394464
468 1.2335330605668535 0.0
469 0.367870303982806 0.4634107676602271
470 0.362437123902708 0.6377212744878384
471 0.030562784669357478 1.6818100946243115
472 0.017635767367871202 1.1579172243187155
473 0.6599557922220257 0.0358164566842737
474 1.0229298551042203 0.0
475 0.5789675188897131 1.7414390590038096
476 0.9627575106863249 0.0
477 0.6523270875209309 1.2892819208412885
478 0.1112408036061191 0.24570936346711442
479 1.41405009382054 0.0
480 0.03667353515231863 0.49733595870432284
481 0.7017093222584617 0.29194316856474634
482 0.03008617220894766 0.0
483 0.0 1.951518012281987
484 0.9521916887715673 0.2473443199502661
485 0.06017234441789532 0.0
486 1.1257341020643328 0.1205569351112436
487 0.23289990605179148 0.7825891858654678
488 0.0 0.538349796491583
489 1.5043086104473824 0.0
490 0.021360680970308726 0.4135204980566247
491 0.42002706541882373 0.03496578299822529
492 0.1504308610447383 0.0
493 0.7739254089101206 0.5812958133303854
494 0.09438966002378835 2.0814853983415738
495 1.3382697126869356 0.05110210577925582
496 1.0747010763611606 0.4468046033883325
497 0.058936456172455576 0.1696164666774737
498 0.0 0.4374092096494112
499 0.0 0.8075246947373746
500 0.9627575106863249 0.0
501 0.06119841097394072 0.36896798384179785
502 1.1432745439400107 0.0
503 0.9627575106863249 0.0
504 0.0528710076426768 2.127917771627433
505 0.815473000674086 0.29930303972873196
506 0.22682955685669265 1.294080893401989
507 0.0 1.850577425439816
508 0.0 0.7402309701759267
509 0.1807099636745273 1.2783650029852862
510 0.9928436828952727 0.0
511 1.203446888357906 0.0
512 1.239021330628236 0.09480278155300917
513 0.9326713384773775 0.0
514 1.1432745439400107 0.0
515 0.06017234441789532 0.0
516 0.03258189011848678 1.1412022321180393
517 0.729838511406622 0.22683803546234887
518 0.0 0.6056435210530309
519 0.5650532485358546 1.0167691091890516
520 1.1733607161489583 0.0
521 0.023719930395260064 0.6127632058059895
522 1.4441362660294874 0.0
523 0.24643358503683904 1.0029818357203009
524 1.4441362660294876 0.0
525 1.3538777494026446 0.0
526 0.4932181967349932 0.12134681315149237
527 0.9481108951756114 1.0257859067843633
528 0.2847723428471658 1.5657492176919212
529 0.04615228347382633 0.7559103014140875
530 0.0 0.03364686228072394
531 1.203446888357906 0.0
532 0.9210635237498542 0.04662845863683934
533 0.2871319721535681 0.049001524284051294
534 0.035205133434336906 0.9700342172853413
535 1.5343899927079174 5.356837469133912e-06
536 1.2335330605668535 0.0
537 0.1795493387720694 0.9768412269940374
538 1.0764568568421624 0.0747255416901855
539 0.8770824798504656 0.1294615090696439
540 0.58487623082839 1.196481256167106
541 0.12395848702382284 0.13054595892937465
542 1.3802190055374228 0.07148185040628267
543 0.5005355718915527 1.0552755725506469
544 0.0 0.7738778324566506
545 0.04652049922121206 0.4863236091901245
546 0.365301558345104 0.23075548766111345
547 0.18051703325368595 0.0
548 1.4047113637542707 0.2796188644052076
549 0.0 1.076699592983166
550 0.028461137830511914 1.145810674287537
551 0.0 0.06729372456144789
552 1.5343947826563302 0.0
553 0.0 2.3889272219313993
554 0.0 0.9421121438602701
555 0.6176504255169273 0.5205378613638867
556 0.0 0.3701154850879633
557 0.3636558075742249 0.9728269827516618
558 1.6157058966235793 0.24553436122860556
559 0.0 0.6729372456144788
560 1.173360716148958 0.0
561 0.8724989940594821 0.0
562 0.12034468883579064 0.0
563 0.6186810737522933 1.797966002865443
564 0.18445318351228013 0.3993603548271513
565 1.1688237110912163 0.4761300302683585
566 1.2937054049847494 0.0
567 0.0 0.6056435210530309
568 0.04602554118257396 0.21770224712850203
569 0.42420291938969434 0.2994706161228543
570 0.0 1.4804619403518526
571 0.5666586292324205 0.6112113847670675
572 1.143274543940011 0.0
573 0.0 0.23552803596506758
574 1.234282617419794 0.16739604470663702
575 1.4995517518964374 0.005319831430896878
576 0.5114649275521101 0.0
577 0.09025851662684298 0.0
578 0.330319051867424 1.178343445582284
579 0.3561617334504047 0.07274269687387917
580 0.0 0.2018811736843436
581 0.782541146630451 0.6726009923011436
582 0.48007651648221056 0.06875008302761483
583 0.4512925831342149 0.0
584 0.08352841417672446 0.2767015064398028
585 0.0 2.1870460482470553
586 1.0229298551042203 0.0
587 0.0 0.06729372456144789
588 0.0 0.571996658772307
589 1.4982969412212137 0.24225118456387917
590 1.3538777494026444 0.0
591 0.20171334011696415 0.27911687667038365
592 0.09025851662684298 0.0
593 0.4437107411108 0.5131820851186033
594 0.04561575431101356 0.2854542567232231
595 0.3675675093217371 0.1272807751775624
596 0.048326950792021685 1.4264155084410868
598 0.05204763017863623 0.850257828916698
599 1.169581162614102 0.4416360722887246
600 0.2905431926212011 0.34800834735403313
601 0.1341028424720574 0.3210821955335553
602 0.9627575106863251 0.0
603 0.8424128218505345 0.0
604 0.8724989940594821 0.0
605 0.0 1.1439933175446138
606 0.6017234441789532 0.0
607 0.19038296894237916 0.29178819410661655
608 0.5371626521867534 1.586310346312167
609 0.6016169771839923 0.06741279189550453
610 1.0095835010953604 0.08221961583692042
611 0.08204227143395493 0.8503601925331059
612 0.30923224107095615 0.8318103894547397
613 0.962757510686325 0.0
614 0.0 0.20188117368434363
615 0.007192854191723866 1.0686554665082706
616 0.03862548040244031 1.0335027977710052
617 0.0 1.11034645526389
618 1.4742224382384355 0.0
619 0.6618957885968485 0.0
620 0.3826359131647036 0.04313530538998571
621 1.2636192327758011 0.0
622 0.0 0.7065841078952027
623 0.05562163467489991 0.03873614724986926
624 0.0 1.076699592983166
625 0.0 0.4374092096494112
626 0.2272210342334649 1.8992866058401259
627 0.06017234441789532 0.0
628 0.5900932401276704 0.618650156503115
629 0.05646244679318639 0.3069707234981839
630 0.09757428102881828 0.5638150756981305
631 0.9803490486759014 0.18220768209057522
632 0.0441857010518725 0.7244627660352916
633 0.12263917900873184 0.09837454439857818
634 0.22683231875983112 0.11643762480304848
635 0.1369956831885183 1.0244310958220595
636 0.0 0.9757590061409942
637 0.0 0.6056435210530309
638 0.800140144687512 0.7202128823044367
639 0.4720854681105367 0.6160366662321434
640 0.19295008542309358 0.3225641223886484
642 0.7521543052236914 0.0
643 0.676661906652434 0.08442690284187096
644 0.9627575106863249 0.0
645 0.5415510997610579 0.0
646 0.06017234441789532 0.0
647 0.29951182230703505 0.06880338460584136
648 0.6250329944607416 0.2431066692032251
649 0.0 0.538349796491583
650 0.6246200849184276 0.108980997351567
651 0.3031885464760528 0.19927897028196878
652 0.501235409597628 0.516143112756081
653 1.2335330605668535 0.0
654 0.10445722929632018 2.1711669219017176
655 0.48137875534316255 0.0
656 0.36384361012069616 0.6361483310190674
657 0.048584158438362654 0.5849563033235933
658 0.0173614092699702 0.04787759735692957
660 0.03008617220894766 0.0
661 0.03008617220894766 0.0
662 0.8369467256524039 1.0491657378578352
663 0.0 0.8748184192988224
664 0.3074075028822574 1.473141468231807
665 0.2897138663061052 0.046114063680206624
666 0.016703529378733886 0.4187288222373782
667 1.0831021995221155 0.0
668 0.0 1.4804619403518526
669 0.493309777741085 0.49135987864689
670 0.5114649275521101 0.0
671 0.39112023871631957 0.0
672 8.566625070967741e-07 1.2449329463385101
673 0.21308731463209674 0.7374528673805716
674 0.12243282824765866 0.2331927658374446
675 1.3558394441456407 0.132393588355364
677 0.27077554988052893 0.0
678 0.47443577546226656 0.41152702697790877
679 0.7521543052236914 0.0
680 0.38987056649338836 0.03504443286195288
681 0.1952503786863546 0.3536384523413415
682 0.7822404774326391 0.0
683 1.096543677493879 0.35508321195516523
684 0.20839724963886852 0.06976075464038596
685 0.32960777043887635 0.035145589424481705
686 0.0 1.4468150780711286
687 0.15337721446125108 0.16493925788377503
688 0.600156683252726 0.03539904892465688
689 0.18849571744159027 0.7649548732251679
690 0.08747665008639371 0.5414608961595565
691 0.017730129958457606 0.04746523867801795
692 0.33036266523590074 0.03430135303922429
693 0.01768080662674417 0.047520399412253674
694 1.1921439032126457 0.3154624508045083
695 0.16229904408704904 0.15496153221543527
696 0.8424128218505343 0.0
697 0.13666754422354363 0.25092023748517267
698 0.5093827862458091 0.0359754244286626
699 0.9627575106863249 0.0
700 0.0 1.5477556649133004
701 0.0 0.03364686228072394
702 1.383963921611592 0.0
703 0.5915657351994652 0.14594732012100356
704 0.07826179613443013 0.349885151816819
705 0.3859712401890476 0.34222700387105737
706 0.10831228771427028 1.2920371990986785
707 0.0 0.6056435210530309
708 0.962757510686325 0.0
709 0.2972435226021977 0.0713401369467513
710 0.0 1.2785807666675093
711 0.03366801718408889 0.43340345432259575
712 0.03008617220894766 0.06729372456144787
713 0.0035699950467385985 1.2072945391433632
714 0.2106032054626336 0.0
715 0.739542906257146 0.11504454135149364
716 0.9861737741291401 0.04110615288507402
717 1.2937054049847494 0.0
718 1.2800423123190707 0.452689325513208
719 1.143840823370526 0.40312904892584733
720 0.7574198508124941 0.801635973299869
721 1.143274543940011 0.0
723 0.6919819608057962 0.0
724 0.8123266496415869 0.0
725 0.008862677290103593 0.5284382238213339
726 0.09164426038111198 0.06574397842117966
727 0.11230832426327385 0.681924711687971
728 0.9913221952592541 0.27087645351827366
729 1.2662832859490072 0.06431438143980217
730 1.0192199277656964 0.037795858482829583
731 0.32729055916089594 1.9556081920108097
732 0.7220681330147438 0.0
733 1.3538777494026446 0.0
734 0.06222634411237912 0.4687589819459067
735 0.0146631398498987 0.11818893077014204
736 0.9613493528808954 0.10251539973029074
737 0.24811957900272205 1.5730929636121016
738 0.5565801018114883 0.2860140802840564
739 0.0 1.11034645526389
740 0.15774156646668452 0.09276466147689683
741 0.4765196465487555 0.8466057399801916
742 0.3610340665073719 0.0
743 0.23990101500588243 0.20276283885117877
744 0.06759347653159661 2.1114529026604725
745 0.9082494172095941 0.5993089075961509
746 0.7521543052236914 0.0
747 0.0 0.8075246947373744
748 1.4140500938205398 0.0
749 0.030193595744788828 0.10082044976088896
750 0.21473409539483418 0.1636145318025362
751 0.0 0.8075246947373745
752 0.23689970713494854 2.258577949793925
753 0.10018360844726207 0.49360321054757883
755 0.7788314869476336 0.3402810663633248
757 0.29631784602730715 0.27425654076989514
758 0.5843326966136294 0.18768324908254666
759 1.0208838936639113 0.20416927408926253
760 0.0 1.312227628948233
761 0.06017234441789532 0.0
762 0.39112023871631957 0.0
763 0.15557892877832072 0.16247697129266428
764 0.4017146421374873 0.12273920101799242
765 0.6919819608057962 0.0
766 0.0 1.5477556649133004
767 0.6618957885968485 0.0
768 0.4776964860653251 0.40788041218635424
769 0.9928436828952725 0.0
770 0.0 1.682343114036196
771 0.09295291903780856 0.7035708237119909
772 0.0 0.9084652815795464
773 0.13291727046405022 0.9616984629910947
774 0.0 1.5814025271940242
775 0.48137875534316255 0.0
776 0.8703399089394895 0.03606147452119829
777 0.6106051532042036 0.5957106642470997
778 0.6148479832876821 1.095668630619981
779 0.35253984274185524 0.7833773452306615
780 0.0 0.1009405868421718
781 0.7677380311873347 0.5882154654772769
782 0.18051703325368595 0.0
783 0.47281134737038266 0.04322822059247254
784 0.7214920938146905 0.03429107555909938
785 0.009481937726295523 1.4362109556651492
786 1.2937054049847492 0.0
787 1.4930879530396906 0.07984234363714196
788 0.3100832696965848 1.032739815513476
789 0.2088834089262191 0.06921705853726008
790 0.06017234441789532 0.0
791 0.4199374351205609 0.03506602101723563
792 1.2165557325501153 0.08628031460376658
793 0.519585088595148 0.09185940700929372
794 0.03064987222215022 0.7059536941429931
795 0.6236739003101175 0.04274543808236188
796 0.11345544349274825 0.10864517244600372
797 0.7220681330147438 0.0
798 0.5415510997610579 0.0
799 0.9025851662684297 0.0
800 0.0 0.2691748982457915
801 0.39112023871631957 0.0
802 0.12947352867968562 0.1916719381964549
803 0.05669334975334095 0.03753759499144149
804 1.2937054049847494 0.0
805 0.08495483078499659 0.039578237859560744
806 1.5043086104473824 0.0
807 0.4509577681513733 1.750011278840124
808 0.9025851662684298 0.0
809 0.5435166466636157 0.06509555573234717
810 1.0230579518749767 0.03350360529295199
811 0.07308513911646604 0.3220276024652479
812 0.6757482046176952 0.18638932809921097
813 0.12512333927018598 0.19653697130668113
814 0.014116514011635507 0.25338769874647626
815 0.0 2.0861054614048835
816 0.9592363684420163 1.1142843237086455
817 0.07873587980395026 0.11382692451245102
818 0.0 1.4131682157904049
819 0.0 1.009405868421718
820 0.6282043875735099 0.10497249347907632
821 0.040435074291456555 1.0314790389510096
822 0.0 0.3028217605265155
823 0.03008617220894766 0.0
824 0.6017234441789532 0.0
825 0.5714066792118617 0.538607679838202
826 0.49059970857032453 0.19156892322002422
827 0.0 0.9421121438602703
828 0.0 0.6056435210530309
829 0.3847607932529692 0.4108744314251459
830 0.6861025607509803 0.17480953681161748
831 0.0 0.8075246947373745
832 0.5030201590410427 0.07673792906546856
833 0.27462508049240475 0.6686321241306399
834 0.03008617220894766 0.0
835 0.2745698845081761 0.1976377806140395
836 0.14739612563117635 0.7099780033967444
837 0.22142612359735114 0.15613050393268826
838 0.9262211632436441 0.04086041395053122
839 0.6266874384727583 1.688071500275936
840 1.596859617888637 0.0647299180999074
841 0.5646443136864376 0.4115829203105681
842 0.06017234441789532 0.0
843 1.3538777494026442 0.0
844 0.0 0.03364686228072394
845 0.9250264063378129 0.5468995042130893
846 0.9733845597408713 0.6610524882746109
847 0.1298625173999223 0.32582436189279723
848 0.19190048864781506 0.7947940105790516
849 0.0 0.7738778324566506
850 1.3244616695251543 0.5039535366392663
851 0.05389226212973208 1.7903070291500387
852 0.07555697750668833 1.5305502647984885
853 0.34929631131692185 0.04677377751723477
854 0.1497101431187108 0.8083307094285052
855 0.0 1.0094058684217182
856 0.12316954268897322 0.5015437596937052
858 0.03008635625186104 0.0336466564563832
859 0.05798133951457077 0.43985951937065343
860 0.057641265336815656 1.7188206078998032
861 0.0 0.7402309701759268
862 0.04196857571287062 1.13070463490716
863 0.5506724261871871 0.9992050355624875
864 0.5676026867629097 0.004512077238679982
865 0.6618549181621891 4.570743917811564e-05
866 0.9627575106863251 0.0
867 0.0 0.03364686228072394
868 0.24060340728896476 1.648792396708843
869 0.08392012621221613 1.5884910643426284
870 0.24068937767158127 0.0
871 0.7376724928066012 0.04984259314967784
872 0.7822404774326391 0.0
873 0.5716372719700056 0.0
874 0.08494135760346731 0.17418075471125397
875 0.03008617220894766 0.0
876 0.3684192434521607 0.09268137627014078
877 0.0 1.0094058684217182
878 1.1570427108696875 0.15283668576604972
879 1.3237915771936963 0.0
880 0.0 0.13458744912289575
881 0.0 0.6056435210530309
882 0.7220681330147438 0.0
883 0.4947122577369981 1.6337847330800706
884 0.10866906045299723 0.14764488486142843
885 0.12556011139087558 0.4315765432926542
886 0.9326713384773775 0.0
887 0.7822404774326391 0.0
888 0.05068368096226036 0.6499020274572613
889 1.5043086104473824 0.0
890 0.2106032054626336 0.0
891 0.286742976997593 0.4195520419959744
892 0.0 0.13458744912289575
893 0.1829749200340758 0.09819180984830773
894 0.6318096163879008 0.0
895 0.08163314332445255 1.4901081241737701
896 0.0 1.682343114036196
897 0.6318096163879008 0.0
898 0.21325789595123587 0.333499750441303
899 1.2645799395080255 0.06621931845598517
900 0.09747998509613137 1.3377983639847453
901 0.5800216661729237 0.12521076420951915
902 0.03961374450216404 0.02299170446958325
903 0.09305179247087572 0.6698133863550316
904 0.20150824391523423 0.07746507226591981
905 0.8476201982108217 0.26335123034873764
906 0.0 1.7496368385976437
907 0.0 1.6150493894747484
908 1.6547394714921209 0.0
910 0.18051703325368595 0.0
911 0.39112023871631957 0.0
912 0.033453108746273524 0.09717517430671974
913 0.0 0.2691748982457915
914 0.06016864632020179 0.0672978603279698
915 0.24068937767158127 0.0
916 0.33094789429842425 0.0
917 0.0 0.4710560719301351
918 0.021181882907235113 0.8511296664699
919 0.0 0.7738778324566506
920 0.0 1.9178711500012637
921 0.7220681330147438 0.0
922 0.07097142558794663 0.3243914733990799
923 0.0 0.1682343114036197
924 0.6337750222261327 0.36791747401811215
925 0.013070102348410505 0.6919671625869808
926 1.1432745439400107 0.0
927 0.42912427959432986 0.09208564062918775
928 0.11862941067327874 0.13650572997651683
929 0.9025851662684297 0.0
930 1.5969038000651112 0.09832736925592069
931 0.5114649275521101 0.0
932 0.6919819608057962 0.0
933 0.02167785103610298 0.24493147959857375
934 1.0530160273131677 0.0
935 0.8670429149325357 0.1406892536895299
936 0.07332562555659392 2.3405703913655835
937 0.0 0.3364686228072394
938 0.8755252005748151 1.0396683734918515
939 0.08932201828087503 0.0346941949441838
940 0.08789024995653283 0.271823448614597
941 0.5243347678096824 0.05290074230654135
942 0.0 0.06729372456144787
943 0.24068937767158127 0.0
944 0.7798414537968963 0.06997667197394838
945 0.004535018646629547 0.8360998201821882
946 0.39112023871631957 0.0
947 0.611906685641697 0.12319902387927509
948 0.0 0.8748184192988224
949 0.33568900085296527 2.3499781444605543
950 0.4212064109252672 0.0
951 1.0830087556396961 0.00010450293978607387
952 0.4980837369227465 0.25049288676534365
953 0.03478667511392386 1.7443800324876655
954 0.0 0.03364686228072394
955 0.0 0.7738778324566505
956 0.09889671521076233 0.3268080958353091
957 0.0 1.043052730702442
959 0.0 0.8075246947373745
960 0.3858088699144566 1.015345836236742
961 0.5716372719700056 0.0
962 0.8785484263218094 0.29605637964677156
963 0.03433940772971433 0.3317120180513789
964 0.0 0.6392903833337549
965 0.10110563703087087 0.12245657505084566
966 0.17407984456857817 0.6464894115005364
967 0.0 0.10094058684217182
968 0.6017234441789532 0.0
969 0.7769408381314585 0.039573712411938106
970 0.0 0.9757590061409942
971 0.8807055835550299 0.29364392345792967
972 1.1131883717310633 0.0
973 0.1752917960389529 0.44325285222804245
974 0.08911145752470541 0.27045771147206144
975 0.30683834824074524 0.29613780234072457
976 0.48073174513530265 0.16895789508873904
977 0.4363889627869928 0.7232515675449233
978 0.09689554559436092 0.3290461033164802
979 0.8679380158148968 0.20698194242937187
980 0.0 0.2691748982457915
981 0.5114649275521101 0.0
982 0.32925390283136413 0.03554133716443619
983 1.1032544953284869 0.04475641017900445
984 0.07075023931875749 0.021817076474890108
985 0.13531674221011986 0.016902870574265386
986 0.7116991429700585 0.6172396781713485
987 0.057513053849466964 0.27214891510971567
988 0.834099095449079 0.04294451587808655
989 0.9025851662684298 0.0
991 0.2758143910123232 0.9028300950081717
992 0.05392049071582776 1.4538068369114292
993 0.10836345686719237 0.955511351283571
994 0.04753647056707089 0.7207154338845172
995 0.6618957885968485 0.0
996 0.11142568789206916 0.1782088736161498
997 0.8870124459920616 0.11835633421063768
998 0.27338217080101124 2.0495434853462946
999 0.0 0.1682343114036197
1000 1.0835539323140868 0.0331416670390835
1001 0.03008617220894766 0.0
1002 0.0 0.1009405868421718
1003 0.2664972674528821 0.07207834051861714
1004 1.5343947826563302 0.0
1005 0.0 1.379521353509681
1006 1.4254098656540761 0.39105814971373376
1007 0.6114230165354726 0.05644621052758674
1008 0.37950237659485625 0.18122714425993963
1009 1.2937054049847492 0.0
1010 0.29378372189211155 0.0752094041038541
1011 1.244364501812822 0.0888272475521555
1012 0.0 1.1776401798253375
1013 0.03172402661195438 0.7047524138813841
1014 0.07322201482906776 0.4901088389539366
1015 0.0 0.7402309701759267
1016 0.026677115693034513 0.20569369108607616
1017 1.1733607161489585 0.0
1018 0.7040356204030411 0.32298841596568545
1019 0.0 0.1009405868421718
1020 1.163566280020754 0.11189419174858287
1021 0.06017234441789532 0.0
1022 0.09722805623858383 0.5978491383762425
1023 0.9627575106863251 0.0
1024 0.0 0.5047029342108591
1025 0.8514301291762683 0.49461843108348225
1027 0.5415510997610579 0.0
1028 0.0 1.1439933175446138
1029 0.09635751647521716 1.4399942632953837
1030 0.8424128218505345 0.0
1031 0.0 2.2543397728085033
1032 0.0 1.8842242877205395
1033 0.05487405205446108 0.10686593062593389
1035 0.0 0.4374092096494112
1036 0.0 1.7496368385976437
1037 0.9326713384773775 0.0
1038 0.14808707683003589 1.5840236976154443
1039 0.0 1.1439933175446138
1040 0.3544183399213134 0.6130422170314391
1042 0.1558722014629978 0.19579585214844997
1043 1.2636192327758011 0.0
1044 0.0 1.8505774254398153
1045 0.8724989940594821 0.0
1046 0.6481249592965772 0.25092863906404816
1047 1.1432745439400107 0.0
1048 0.0 1.4804619403518526
1050 0.0 0.6056435210530309
1051 0.0678642015204679 0.05869153832067714
1052 0.31757878951728696 0.048598196876014035
1053 0.39112023871631957 0.0
1054 0.852067362890401 0.056496571287979094
1055 0.9582396448991753 0.7116366618355079
1056 1.143274543940011 0.0
1058 0.4986967853564042 0.3843947333438068
1059 0.05460106699481668 0.9146959181284617
1060 0.022845684908515646 0.8156220916860801
1061 0.5394215180077824 0.1033222040007247
1062 1.539844084803739 0.6668430200810168
1063 0.24068937767158127 0.0
1064 0.41110735560734146 0.17952858709571337
1065 0.37108566435923573 2.0075705351952475
1066 0.03008617220894766 0.0
1067 0.5716372719700056 0.0
1068 0.3008617220894766 0.0
1070 0.5301929442174279 0.48375846200772366
1071 1.114037898284352 0.09999051905874608
1072 0.21456529878411054 0.5339187905329232
1073 0.0 0.30282176052651544
1074 0.5361707891217932 0.03966393118033665
1075 0.1682313831119603 1.2586735577889177
1076 0.0 0.6392903833337549
1077 0.0791220306548939 0.01245448597405643
1078 0.6261932032941392 0.2754560122593997
1079 0.0 1.5814025271940242
1081 0.40031914163793125 0.5617090682610364
1082 0.9627575106863249 0.0
1083 0.0 0.23552803596506758
1084 0.6618957885968485 0.0
1085 1.3191442044492188 0.03884425029056033
1086 0.24068937767158127 0.0
1087 0.6618957885968485 0.0
1088 0.13196448005918748 0.15523932113669156
1089 0.0 0.8748184192988224
1090 0.0 0.3701154850879633
1091 0.2666357081186257 0.6102733119303603
1092 0.030086493168776415 0.033646503335389155
1093 0.1855433056466416 1.239312774060978
1094 0.03008617220894766 0.0
1095 0.820457790862264 0.3946688878572151
1096 0.0 0.9421121438602703
1097 0.04065632023145766 0.021825740194129972
1098 1.1118561563253049 0.035136745007396844
1099 0.0 1.2785807666675093
1100 0.06017234441789532 0.0
1101 0.30747654242153216 0.5982458385835338
1102 0.9432362094588691 0.05547850405220181
1103 0.32088876483382 0.5832462833974978
1104 0.0 0.9084652815795464
1105 0.08363433702936829 0.7476391195772895
1106 0.11980317317790726 0.03425246616536297
1107 1.113188371731063 0.0
1108 0.3008617220894766 0.0
1109 0.0 0.9421121438602702
1110 0.09025851662684298 0.0
1111 1.3237915771936968 0.0
1112 0.31096697074839 0.6616360436012225
1113 0.5986480522299908 0.9119046453060894
1114 0.09744000303774619 0.19384976036395163
1115 0.03008617220894766 0.0
1116 0.0 0.4037623473686873
1117 0.09511415894842998 0.19645086745115975
1118 0.0 0.8411715570180984
1119 0.0 1.4804619403518526
1120 0.15398812951720853 1.4091899455884827
1121 0.2652271543938865 0.07349877110314545
1122 0.08771522629883508 0.2047254617118159
1123 0.24068937767158127 0.0
1124 0.0 1.009405868421718
1125 0.21186280509765112 1.1089377823641289
1126 0.03008617220894766 0.0
1127 0.09448351798330498 0.23080300687896566
1128 0.8345078876475464 0.44624969060587605
1129 0.0 0.6392903833337549
1130 0.7521543052236914 0.0
1131 0.07787068326223516 0.2830288282266734
1132 0.0 0.9084652815795464
1133 0.42012944747181324 0.06849814633860439
1134 0.24247356289919592 1.1756448367747185
1136 0.05107760375625579 0.7840489331335947
1137 0.9928436828952725 0.0
1138 0.0 1.0094058684217182
1139 0.05679315984974224 0.03742597239802826
1140 3.2914158416415785e-05 1.2112502325661962
1141 0.0 0.23552803596506755
1142 0.0 0.1009405868421718
1143 0.0 0.6056435210530309
1144 0.0 0.7738778324566506
1145 0.0 1.3122276289482333
1146 0.08387957258674536 2.0932393516891974
1147 0.42328086424815947 0.40144238307484514
1148 0.7822404774326391 0.0
1149 0.032289705664651225 0.838707235993805
1150 0.20918700307291915 0.03523067182742937
1152 0.0 1.8842242877205393
1153 0.0 0.03364686228072394
1154 0.0 0.6729372456144788
1155 0.05408673830900884 0.1750401472945523
1156 0.22311611730253358 0.928118332401505
1157 0.06017234441789532 0.0
