# Max Likelihood=  -60179.40374510149  N_real= 1
a= 0
0.137298861889762 0.0 0.0 0.10112410015975752 0.0 0.0 0.0 0.0 0.0 0.0 0.7937948479793798
0.0 0.0 0.0 0.0 0.10071472382897854 0.0 0.029934224136307135 0.0 0.0055164293749757525 0.0 0.13081335243592468
0.0 0.0 0.3190629847835273 0.0 0.0 0.0 0.0 0.0 0.0 0.0 0.10645305868126921
0.0 0.0 0.0 0.5331906821611192 0.0 0.0 0.0 0.0 0.0 0.0 0.0
0.0 0.0 0.0 0.0 0.07877687918887809 0.0 0.0 0.1050357653633807 0.0 0.0 0.0
0.0 0.0 0.0 0.0 0.0 0.07630275436662862 0.0 0.0 0.0 0.04085392391026885 0.0
0.0 0.0 0.0 0.0 0.0 0.0 0.6982919185909677 0.0 0.0 0.0 0.0
0.0 0.0 0.0 0.0 0.0 0.0 0.0 0.39006416110735515 0.0 0.0 0.0
0.0 0.0 0.0 0.0 0.24151120781644206 0.0 0.0 0.0 0.16038958307411894 0.0 0.0
0.0 0.0 0.0 0.0 0.0 0.0 0.0 0.0 0.0 0.0 0.0
0.0 0.0 0.0 0.0 0.0 0.0 0.0 0.0 0.0 0.0 0.6444226624967339

a= 1
0.729988039368127 0.0 0.0 0.0 0.0 0.0 0.0 0.0 0.0 0.0 0.47471801819370474
0.8146431167684915 0.04979319875520101 0.0 0.0 0.0 0.0 0.19355645788090994 0.0 0.0 0.0 0.6975736822016511
0.0 0.0 0.4391828216873684 0.0 0.0 0.0 0.0 0.0 0.0 0.0 0.0
0.0 0.0 0.0 0.4556738844375923 0.0 0.4005023819952272 0.010178023179832183 0.0 0.0 0.0 0.0
0.0 0.0 0.0 0.0 0.0015805208911531215 0.6234180519168394 0.0 0.5310129766545311 0.0 0.0 0.0
0.0 0.0 0.0 0.0 0.0 1.070227153509003 0.0 0.0 0.0 0.0 0.0
0.0 0.0 0.0 0.0 0.0 0.8910962384686985 0.2215101130326955 0.0 0.0 0.0 0.0
0.0 0.0 0.0 0.0 0.0 0.0 0.0 0.8770348363230985 0.0 0.0 0.0
0.0 0.0 0.0 0.0 0.2732113974252246 0.3699207590504143 0.0 0.0 0.38342524426226393 0.0 0.0
0.0 0.0 0.0 0.0 0.0 0.0 0.0 0.0 0.0 0.0 0.0
0.10083556475251067 0.0 0.0 0.0 0.0 0.0 0.0 0.0 0.0 0.0 0.3863980629509983

a= 2
0.02880776409465912 0.0 0.11837266309269756 0.3326974245909592 0.0 0.012393156169759324 0.09258189900485994 0.0 0.0 0.0 0.4109119451741176
0.0 0.11591582184741057 0.0 0.0 1.1935717191998119 0.015597341291972744 0.0 0.0 0.0 0.0 0.11721689614841604
0.0 0.0 0.8992791110741333 0.0 0.0 0.0 0.0 0.0 0.0 0.0 0.0
0.0 0.0 0.39739563674407136 1.469233461742671 0.0 0.39461648520847037 0.2255846420837231 0.0 0.0 0.48958657927507127 0.48829407024313776
0.0 0.0 0.0 0.0 0.0 0.0 0.0 0.0 0.0 0.0 0.0
0.0 0.0 0.2603832624187218 0.32975813574577645 0.0003103246449630706 0.6190842679191618 0.24363740356988706 0.0 0.0 0.45655454188862427 0.17802545569446265
0.0 0.0 0.0 0.0 0.0 0.21180916275767425 0.7333528953497322 0.0 0.0 0.0 0.18035469760291722
0.0 0.0 0.0 0.0 0.0 0.0 0.0 0.3227766187568403 0.0 0.0 0.0
0.0 0.017012766788392752 0.0 0.0 0.9574745719912384 0.0 0.0 0.0 0.0 0.0 0.0
0.0 0.0 0.0 0.0 0.0 0.0 0.0 0.0 0.0 0.18285614687548346 0.0
0.0 0.0 0.0 0.002478182308817108 0.0 0.2849951121634623 0.22619391599133276 0.0 0.0 0.556704820732302 0.4861030676232997

a= 3
0.190775088228967 0.0 0.0 2.627641835277188e-07 0.0 0.0 0.0 0.0 0.0 0.0 0.37597624371260213
0.0 2.0241666694249174 0.0 0.0 0.0 0.0 0.0 0.0 0.0 0.0 0.0
0.0 0.0 0.8313103410510887 0.0 0.0 0.0 0.0 0.0 0.0 0.0 0.0
0.0 0.0 0.0 1.335556020539816 0.0 0.0 0.0 0.0 0.0 0.0 0.0
0.0 0.0 0.13013281508485475 0.0 0.0 0.0 0.0 0.0 0.0 0.0 0.0
0.0 0.1882745319792751 0.0 0.0 0.0 0.34392114758551756 0.0 0.0 0.0 0.0 0.0
0.12184920076312994 0.0 0.0 0.0 0.0 0.0 0.3889944050825465 0.0 0.0 0.0 0.035918853356916774
0.0 0.00016109828674241948 0.0 0.0 0.0 0.0 0.0 2.0315265486909206 0.02713456200620187 0.0 0.0
0.0 1.399854198697718 0.0 0.0 0.0 0.0 0.0 0.09592149911690223 0.3679499840983589 0.0 0.0
0.0 0.0 0.0 0.0 0.0 0.0 0.0 0.0 0.0 0.4143680739567222 0.0
0.0 0.09795065338884734 0.0 0.0 0.0 0.0 0.0 0.0 0.0 0.0 0.07817424009893932

a= 4
0.6872107001333098 0.32116736715676414 0.0 0.26062264312773353 0.0 0.0 0.271654170004798 0.0 0.0 0.0 0.0
0.0 3.1753656175311424 0.0 0.0 0.0 0.0 0.0 0.0 0.0 0.0 0.0
1.2454790573474566e-05 0.0 0.6102498522642655 0.09675258513101105 0.0 0.0 0.0 0.0 0.0 0.5316222034489115 0.08854144526567925
0.0 0.0 0.2711841903632914 1.8555405692813307 0.0 0.0 0.0 0.0 0.0 0.04563609795781152 0.24879431392418155
0.0 0.0 0.0 0.0 0.05462828689613645 0.0 0.0 0.5709683455452603 0.0 0.0 0.0
0.0 0.0 0.0 0.0 0.0 0.6065243602881936 0.0 0.0 0.0 0.0 0.0
0.0 0.2147098304130674 0.0 0.0 0.0 0.0 0.7775525162718914 0.0 0.0 0.0 0.0
0.0 0.26283566501016536 0.0 0.0 0.0 0.0 0.0 1.844274437762669 0.47803992429202785 0.0 0.0
0.0 2.0836048158483287 0.0 0.0 0.0 0.0 0.0 0.22096597067027832 0.4783271860313681 0.0 0.0
0.0 0.0 0.0 0.0 0.0 0.12968243817775962 0.0 0.0 0.0 0.3655275381730846 0.0
0.0 0.4700710272821431 0.0 0.0 0.0 0.0 0.0 0.0 0.035973275525571266 0.7703700371019695 0.08659945664615533

a= 5
0.0958208864554385 0.0 0.0 0.0 0.0 0.0 0.0 0.0 0.0 0.0 0.13111669012294644
0.0 0.23767735853588298 0.0 0.0 0.3052328635930176 0.0 0.0 0.15394349378796873 0.17863268344651856 0.0 0.0
0.0 0.01803425704989989 0.09785717931787485 0.0 0.0 0.0 0.0 0.0 0.0 0.0 0.0
0.0 0.0 0.0 1.1560015198687614 0.0 0.0 0.0 0.0 0.0 0.0 0.0
0.0 0.0 0.13885528719617818 0.0 0.7431548761753021 0.19801602908069008 0.046396630414919586 0.0 0.0 0.22283523340719016 0.0
0.0 0.0 0.0 0.0 0.0 0.0 0.0 0.0 0.0 0.0 0.0
0.0 0.0 0.0 0.0 0.0 0.0 0.6483285379227014 0.0 0.0 0.0 0.0
0.0 0.0 0.0 0.0 3.728021655553605e-07 0.0 0.0 1.4282344357824823 0.0 0.0 0.0
0.0 0.0 0.0 0.0 0.4805603975089819 0.0 0.0 0.0 0.0006695871334628534 0.0 0.0
0.0 0.0 0.0 0.0 0.0 0.0 0.0 0.0 0.0 0.5040765424126249 0.0
0.0 0.0 0.0 0.0 0.42965913305245845 0.167715597933067 0.1268339978462065 0.0 0.0 0.3085196728211864 0.09303346224624193

a= 6
0.0 0.0 0.0 0.0 0.0 0.0 0.0 0.0 0.0 0.0 0.3382007241635634
0.2727755018837011 0.0 0.0 0.0 0.04973352594749042 0.0 0.052146440433238544 0.0 0.0 0.0 0.13292073144360536
0.0 0.0 0.5104930732525748 0.0 0.0 0.0 0.0 0.0 0.0 0.0 0.004677094582724216
0.0 0.0 0.0 0.9503814351752922 0.0 0.0 0.0 0.0 0.0 0.0 0.0
0.0 0.0 0.0 0.0 0.2656508908305756 0.0 0.0 0.0 0.0 0.0 0.0
0.0 0.0 0.0 0.0 0.0 0.18612733236187282 0.0 0.0 0.0 0.0 0.0
0.0 0.0 0.0 0.0 0.0 0.0 1.492525452806208 0.0 0.0 0.0 0.0
0.0 0.0 0.0 0.0 0.09119979953210702 0.0 0.0 0.2532656710152407 0.0 0.0 0.0
0.0 0.0 0.0 0.0 0.29786889080094126 0.0 0.0 0.0 0.054613938533042465 0.0 0.0
0.0 0.0 0.0 0.0 0.0 0.0 0.0 0.0 0.0 0.0 0.0
0.0 0.0 0.0 0.0 0.0 0.0 0.27298152762829136 0.0 0.0 0.0 0.3792980643822577

a= 7
0.08427509981930897 0.0 0.0 0.0 0.03336432899334806 0.0 0.0 0.0 0.0 0.0 0.18622756678196278
0.26647868446527156 0.015906438920756133 0.0 0.0 0.1651669830313981 0.0 0.2728098860022848 0.0 0.0 0.0 0.0
0.0 0.0 0.31893038241582666 0.0 0.0 0.0 0.0 0.0 0.0 0.0 0.0
0.0 0.0 0.0 0.6032133182646185 0.0 0.004844401392575816 0.0 0.0 0.0 0.0 0.0
0.0 0.0 0.0 0.0 0.035374101526886054 0.16494800067300316 0.23941615781576642 0.0 0.0 0.0 0.0
0.0 0.0 0.0 0.151986321309883 0.0023135190474390913 0.24688952108792905 0.1859787179877752 0.0 0.0 0.12429093614467751 0.06225586618376257
0.0 0.0 0.0 0.0 0.0 0.1263399964313421 0.9491570932754025 0.0 0.0 0.0 0.0
0.0 0.0 0.0 0.0 0.0 0.0 0.006712241039676869 0.05890969359416044 0.0 0.02557037989162539 0.0
0.0 0.0 0.0 0.0 0.34015234863651633 0.0 0.09408426894310765 0.0 0.0 0.0 0.0
0.0 0.0 0.0 0.0 0.3972562189947352 5.189214054662004e-07 0.6718388125632914 0.0 0.0 0.08500557475842417 0.0
0.0 0.0 0.0 0.0 0.0008949947935077258 0.0 0.0 0.0 0.0 0.0 0.06710797370691304

a= 8
0.460615530316995 0.0 0.09759675282075933 0.5218550501437879 0.0 0.0 0.0 0.0 0.0 0.0 0.5038993230087262
0.0 0.01313550305955096 0.0 0.0 0.7162950793585141 0.0 0.0 0.0 0.5253439771375563 0.0 0.0
0.0 0.0 0.6326323979068057 0.0 0.0 0.0 0.0 0.0 0.0 0.0 0.0
0.03133441327411139 0.0 0.0 1.7438776503334736 0.0 0.0 0.0 0.0 0.0 0.0 0.6481462711128017
0.0 0.0 0.0 0.0 0.6278186345901507 0.0 0.0 0.32871114114432376 0.0 0.0 0.0
0.0 0.0 0.0 0.5045910312999013 0.0 0.19971985246458404 0.11030231920803321 0.0 0.0 0.0 0.0
0.0 0.0 0.0 0.0 0.0 0.0 0.5435515716829316 0.0 0.0 0.0 0.0
0.0 0.0 0.0 0.0 0.0 0.0 0.0 1.7759441034871815 0.0 0.0 0.0
0.0 0.0 0.0 0.0 0.5224993732940199 0.0 0.0 0.3077860680427205 0.48205384114378946 0.0 0.0
0.0 0.0 0.0 0.0 0.0 0.0 0.0 0.0 0.0 0.0 0.0
0.1109108689032408 0.0 0.0673022513430247 0.02426264605766137 0.0 0.0 0.29453563967083374 0.0 0.0 0.1571516404516609 0.2829479539216337

a= 9
0.7540760292964396 0.0 0.0 0.0 0.15529341696237214 0.0 0.0 0.0 0.0 0.0 0.15454687379014093
1.2220615790062481 0.0 0.0 0.0 0.5077125287888231 0.0 0.0 0.0 0.4936714483116713 0.0 0.0
0.0 0.0 0.1380379184244447 0.0 0.0 0.0 0.0 0.005216480815814076 0.0 0.0 0.0
0.0 0.0 0.0 1.055548253985299 0.0 0.0 0.0 0.0 0.0 0.0 0.0
0.0 0.0 0.0 0.0 0.45914622973939884 0.0 0.0 0.20952917049032094 0.0 0.0 0.0
0.0 0.0 0.0 0.3580674231794544 0.0 0.3486877598054643 0.0 0.0 0.0 0.0 0.0
0.0 0.0 0.0 0.0 0.1250586440766064 0.540943052137749 1.038068753169604 0.0 0.0 0.0 0.0
0.0 0.0 0.0 0.0 0.34287509216351003 0.0 0.0 0.5055276121717043 0.0 0.0 0.0
0.2966208131109638 0.0 0.0 0.0 0.5888979016486785 0.10191362553375748 0.27080767651187404 0.0 0.7100976626294991 0.0 0.0
0.0 0.0 0.0 0.0 0.0 0.0 0.0 0.0 0.0 0.0 0.0
0.15548642467742774 0.0 0.0 0.0 0.0 0.0 0.0 0.0 0.0 0.0 0.4636311837217873

a= 10
0.5935985841652905 0.0 0.0 0.0 0.0 0.0 0.0 0.0 0.0 0.0 0.22435342309462847
0.0 0.6692084126519285 0.0 0.0 0.0 0.0 0.0 0.344452716313893 0.5234745309261275 0.0 0.0
0.0 0.0 0.39870824209911016 0.406998046579311 0.0 0.0 0.0 0.0 0.0 0.8675111081324115 0.07149231645253035
0.0 0.0 8.650453543168729e-07 2.2917366375054047 0.0 0.0 1.6807945019641976e-06 0.0 0.0 0.0 0.5786507909385027
0.0 0.0 0.0 0.0 0.1357161962084444 0.0 0.0 0.36485862666135493 0.0 0.0 0.0
0.0 0.0 0.0 0.7164586572570419 0.0 0.1744222016695797 0.032046367415566185 0.0 0.0 0.0 0.0
0.0 0.0 0.0 0.0 0.0 0.0 0.17566121640542484 0.0 0.0 0.0 0.0
0.0 0.0 0.0 0.0 0.0 0.0 0.0 1.4703033523630695 0.0 0.0 0.0
0.0 0.2835836184289637 0.0 0.0 0.0 0.0 0.0 0.6307186422797876 0.5890223602273555 0.0 0.0
0.0 0.0 0.0 0.0 0.0 0.0 0.0 0.0 0.0 3.8980840784974022 0.0
0.0 0.0 0.29830777759453175 0.0 0.0 0.0 0.0 0.0 0.0 0.0 0.4332742747688025

a= 11
1.0239187505240954 0.0 0.0 0.0 0.0 0.0 0.0 0.0 0.0 0.0 0.0
0.23040445217991526 0.0 0.0 0.0 0.0 0.0 0.0 0.0 0.9988695879132767 0.0 0.0
0.0 0.0 0.2614183462424813 0.0 0.0 0.0 0.0 0.0 0.0 0.0 0.0
0.0 0.0 0.0 0.42663569587170597 0.0 0.0 0.0 0.0 0.0 0.0 0.0
0.0 0.0 0.0 0.0 0.0 0.5291807404135359 0.0 0.4934325158622875 0.4006556925488491 0.0 0.0
0.0 0.0 0.0 0.0 0.0 0.9071913071978321 0.0 0.0 0.0 0.0 0.0
0.0 0.0 0.0 0.0 0.0 0.7400639817954624 0.16799024569691257 0.0 0.0 0.0 0.0
0.0 0.0 0.0 0.0 0.0 0.0 0.0 1.4266248494642533 1.0211712924257876 0.0 0.0
0.0 0.0 0.0 0.0 0.16612406135694377 0.380989216664209 0.0 0.0024179230738084374 1.738342468766228 0.0 0.0
0.0 0.0 0.0 0.0 0.0 0.0 0.0 0.0 0.0 0.0 0.0
0.09938579951625028 0.0 0.0 0.0 0.0 0.0 0.06955212120472254 0.0 0.38670382906737577 0.0 0.1498487225845732

