# Max Likelihood=  -67237.86495618176  N_real= 1
0 0.0 0.0 0.0 0.0 0.0
1 0.0 0.0 0.0 0.0 0.0
2 0.0 0.0 0.0 0.0 0.0
3 0.0 0.0 0.0 0.0 0.0
4 0.0 0.0 0.0 0.0 0.0
5 0.0 0.0 0.0 0.0 0.0
6 0.0 0.0 0.0 0.0 0.0
7 0.0 0.0 0.0 0.0 0.0
8 0.0 0.0 0.0 0.0 0.0
9 0.0 0.0 0.0 0.0 0.0
10 0.0 0.0 0.0 0.0 0.0
11 0.0 0.0 0.0 0.0 0.0
12 0.0 0.0 0.0 0.0 0.0
13 0.0 0.0 0.0 0.0 0.0
14 0.0 0.0 0.0 0.0 0.0
15 2.369037292300656 0.0 0.007989771417539709 2.9856788681423954 0.0
16 0.8062622494008949 0.63263259528763 1.003425007039907 1.715179971330767 0.0
17 0.0 0.9024579764027231 0.511554865726898 0.298235195373057 1.5018615332754757
18 0.2790711162273625 0.4226022385864461 0.0 2.082613024055601 0.0
19 2.347660956801006 0.0 0.0 0.9947512326145216 0.0
20 0.48994093229369173 0.21878622930843372 1.171583624893484 1.1603483934088803 0.9358563575830021
21 0.12383927091062039 0.08205446129039862 1.22702341329106 2.3195301060108737 0.6273735765920387
22 0.7061842008407051 0.0 0.0 1.6713425289572876 2.280332268548394
23 2.9794067413027676 0.0 0.9914183814254771 0.6419144836047419 0.0
24 2.9698275826945073 0.0 0.0 0.0 0.0
25 1.5670333602072208 0.0 1.553203752230619 0.7378101702808036 0.0
26 0.7350962174441681 0.0 0.911343543574721 0.6811330844161346 0.0
27 0.0 1.2459872634073705 0.961585688718835 0.9994528691648588 0.9152667783247685
28 0.5970961411997269 0.952472155349298 1.1207407787803583 0.7316968232751583 0.0
29 0.09154334598250288 1.0583044985447145 0.13711056903817817 1.469708728482849 0.0
30 0.0 1.1086214321973213 0.0 0.5915931988230435 0.0
31 0.0 0.5384046540993856 0.586101668037038 0.18330185517522046 0.20773206786040885
32 0.0 1.7326674759830754 0.0 2.4241825240106927 0.0
33 0.0 1.8263031122329156 1.5955657316425946 0.0007531123287248969 0.0
34 0.0 1.9492296365871258 1.2702471489464504 2.3209105602202635 0.0
35 1.680930968586701 0.0 1.4162252151871257 0.0 0.0
36 0.8955194748205751 0.0 0.41846258462762903 0.0 2.4679906202406787
37 0.0 2.654513900923902 0.0 0.0 0.0
38 0.0 0.29494598899154456 0.0 0.0 0.0
39 1.31910953255286 0.0 0.0 3.629337150425328 0.0
40 0.0 2.386819975519818 0.0 1.048039058879478 0.0
41 0.0 2.4402110528212786 0.0 1.9920445855785966 0.0
42 0.3374238403875988 0.6630484072021213 1.317531650673862 1.8564167019872437 0.0
43 0.0 3.3020282511779007 0.0 0.8667449916547305 0.0
44 0.0 3.5754877806996785 0.0 2.118525555420371 0.0
45 0.0 1.810273330736421 0.0 0.8875508831846264 0.0
46 0.0 3.2028185151478525 0.0 0.987987281167588 0.0
47 0.0 3.5127238741033846 0.7551604157886324 0.7111495029024603 0.0
48 0.30031900200075157 0.0 1.8054033912699907 0.40479170553093236 0.0
49 0.0 3.6027317257797344 0.0 0.3550820183250676 0.0
50 0.5549128395503474 0.480440732768611 1.0739198035583435 0.8351701785777026 0.8115927689007117
51 1.5126036600982573 0.0 1.5536408788107199 0.0 0.0
52 0.39511343809844196 0.7573829460796206 0.292567332003676 1.6316484106257318 0.0
53 0.31968074224984255 0.3801719305207565 2.118725728293437 1.7841291980213385 0.0
54 0.5972740324934911 0.5146957761850383 1.1706914480624229 2.60003886851327 0.0
55 1.72612407174359 0.0 0.0 0.8477032062826682 0.5517203526373955
56 0.1986408671584209 1.3915409762823532 0.0 3.431535823589739 0.0
57 0.5706544408700818 0.0 1.0879257035565557 0.0 0.0
58 2.583355562180441 0.0 0.544036792386764 0.0 0.0
59 0.0 1.6702844883865189 0.31532288617275495 0.0 0.362616298107291
60 0.0 2.713503098722211 0.0 0.0 0.0
61 0.33098258378627415 0.0 3.4218190589686546 0.28420666346593904 0.0
62 0.0 2.9256693917431935 0.0 1.9034022502317747 0.0
63 2.1241998979415184 0.0 1.58854535340198 0.0 0.0
64 0.0 3.303395076705301 0.0 0.0 0.0
65 0.0 2.1871068740602504 0.7107971806717853 0.4660549167122704 0.9101536491063181
66 0.0 1.9931055689816024 0.0 0.0 0.17465665919267734
67 2.55352870659672 0.0 1.1821510989677213 0.2891588040042124 0.0
68 2.2474804425237123 0.0 0.6186933314582205 0.0 0.0
69 3.1593908895113394 0.0 0.04296373410088655 0.2802497826346359 0.0
70 0.0 1.779906095132132 0.0 0.5642143327535987 0.0
71 1.497567047806804 0.0 1.7723080109460083 0.14532151459506792 0.0
72 1.798915283005783 0.0 0.35428995344442726 0.0 0.0
73 1.237386994073518 0.0 2.339218450591137 0.0 0.0
74 1.6033020714363517 0.0 0.11108058351019143 0.8801969813599478 0.0
75 0.0 0.24498267362444726 0.0 0.3392745873546302 1.8930875090038541
76 2.309636685940194 0.0 1.1284284354494474 0.0 0.0
77 0.0 2.6509742462765193 0.0 0.7973108121475843 0.0
78 0.0 0.8442600216125535 0.0 1.275111897487621 0.0
79 0.0 1.635376334873027 1.3034091617720631 0.806119106532397 0.0
80 2.6869868605331257 0.0 0.0 0.0 0.0
81 0.0 1.805228984548799 0.0 0.8779533803206593 0.17556174195134117
82 0.0 1.8222254399247548 0.11040512140503916 0.0 0.0
83 1.0334088137510264 0.0 0.0 1.0103985791247956 1.0616586624091693
84 0.0 2.1392893651860563 0.0 1.7830787155201975 0.0
85 0.9736849098738588 0.0 0.0 0.5081903702502704 0.6022533008664629
86 0.0 0.8247805051283814 0.0 1.7807877349590266 0.3336023367990908
87 1.8555282905757466 0.0 0.9713670171575002 0.0 0.0
88 0.0 3.394035925591662 0.4516726464834484 0.210917913098966 0.0
89 0.0 1.2480799604587611 0.0 0.0 0.6975856926798052
90 0.5601418930720505 0.0 1.8140815642638348 2.1834004974894565 0.08155784503941405
91 0.6179713099416284 0.0 2.540705956459913 0.0 0.250051545207426
92 0.1803090697524079 0.0 0.0 0.0 1.7935874560326919
93 2.5067363047682014 0.0 0.45281625710451234 0.0 0.0
94 1.1611751892009972 0.0 6.488164937144194e-05 0.23750662700098255 1.193292090373345
95 1.133792276766838 0.19868888204765078 2.0502411500752586 0.0 0.0
96 1.6621344068927324 0.0 0.9449914175187715 0.0 0.0
97 0.0 3.3450260234588858 0.0 1.3909146639709722 0.0
98 0.8602931959679907 0.4446857257208638 0.5687624537314082 2.9253479573876247 0.00025400888493944487
99 0.0 0.15920282783656556 0.0 0.0 0.18744790635326886
100 0.0 2.5955247031255935 0.0 0.0 0.0
101 0.5203191532647368 0.0 5.490719672217443e-05 2.021415779207949 1.0949689984710023
102 0.0 0.5992651223249065 0.0 0.6241443592844811 1.4670218573080511
103 3.1819581243155435 0.0 0.0 0.0 0.0
104 0.0 2.6870558955245287 0.14416592240816006 0.0 0.0
105 0.0 2.725932020386065 0.0 2.5800347187412083 0.0
106 0.7964464395425384 7.520294327524287e-05 3.1431850312024 0.1555468413274197 0.0
107 0.15757983095336334 0.6341257043958382 0.0 0.7687030005230906 0.9160154914306818
108 0.9942805624545307 0.1965887013908533 0.0 1.1971211461659288 0.0
109 0.5168567455413574 0.41410280982423314 0.0 2.5714713212631897 0.0
110 1.8743492128950363 0.0 0.0 1.3597394577013597 1.38742728566133
111 0.0 1.3630442270477072 0.0 1.7224590824493693 0.0
112 0.0 1.0165793066242819 1.2138552104173206 0.9783911621498327 0.0
113 0.0 2.1096446949679395 0.12310577978643632 0.0 0.0
114 0.0 2.936711706217387 1.0939070366417418 1.746466658372201 0.0
115 1.8093410886456516 0.06531596381913077 0.11223073733575348 3.184707861257234 6.573631672872811e-07
116 0.0 1.4295436485655062 1.1171093970478079 0.25542407202404377 0.0
117 2.407080825794198 0.0 0.0 1.4387990990675745 0.0
118 1.5135862394151478 0.0 0.0 0.0 0.6618982583401467
119 0.0 2.268189753931659 0.5533541704116138 1.2968825452467212 0.0
120 0.0 1.9422592923923698 0.0 1.4327147682747108 0.17290799045379043
121 0.0 2.3595679119323565 0.0 0.0 0.0
122 3.362665527007113 0.0 0.0 0.10412567413837703 0.0
123 1.1727868296129187 0.0 1.5096774290758854 0.0 0.32377299452973396
124 1.6969097205680481 0.0 1.8396518982651338 0.25376507096263246 0.0
125 1.4672191842638334 0.0 1.1255816211645566 0.0 0.4238715563202067
126 1.9066155754007892 0.0 0.0 0.0 0.869591884981452
127 0.0 2.412574143128203 0.0 0.3677594258075646 0.0
128 0.0 0.5378685396091146 3.1044348671110473 0.6988151190012686 0.0
129 1.9374581865219342 0.0 0.45787929618817313 0.0 0.0
130 0.10613336776422878 0.0 0.0 0.0 1.6565850722144846
131 0.07071018054034543 0.0 0.0 0.0 0.0
132 2.333435957831399 0.0 0.0 0.0 0.0
133 1.1817710222316493 0.12103425898837394 0.0 2.0354710241211014 0.0
134 0.879504245260738 0.0 2.2457776470399424 0.0 0.0
135 1.7777581407673688 0.0 2.275309020249926 0.0 0.0
136 0.0 1.549769885832356 1.0095304635922282 1.2677537474843794 0.0
137 1.942854786351356 0.0 1.2465924589563944 0.0 0.0
138 0.0 0.36465570835569616 0.0 0.45928419044096397 0.20849364857241098
139 0.2669078143202055 0.5447741648856627 2.377956153007096 0.22350798811375927 0.0
140 2.91916798814842 0.0 0.0 0.9680558117347529 1.1939824583894982
141 0.9578021328442035 0.0 2.0360189397627733 0.0 0.0
142 0.8767749895612946 0.0 0.8214592831008034 0.0 0.4822915023802101
143 0.08992604962196367 0.042958568354855224 0.0 0.0 0.0
144 1.8431649325984132 0.0 0.889232175543564 0.0 0.0
145 0.0 1.4758018765359493 0.0 2.521824323786742 0.0
146 0.279039294621484 0.4516655474732827 0.03088360011103427 1.3759547782096917 0.0
147 0.0 0.16636147220065367 0.0 0.0 0.6021539434599964
148 0.0 1.107290388896025 0.34353269590023694 0.7769583734425339 0.0
149 1.7096440936608048 0.0 0.9169981993540814 0.2524341805510994 0.015509990742094752
150 0.7779389518794454 0.7330761702007909 0.9898060399687575 0.40564661060739055 0.0
151 2.346712681663754 0.0 0.0 1.8607926268785737 0.0
152 0.9312272806530493 0.47394709892031905 0.7901025515167361 2.585005445675862 0.0
153 0.0 1.1207947581678694 0.0 0.0 0.0
154 0.0 0.24628741718109104 0.30404905530979187 0.7707937305419155 1.8840728186721307
155 2.85302751021642 0.0 0.3634969905846622 0.0 0.0
156 1.664597262527295 0.0 0.0 0.9117131990687688 1.7016600286802352
157 1.4832273073520426 0.0 0.0 0.5704270588657661 0.3041304508297122
158 0.0 1.7608619798788 0.6089667609955892 1.8045117570549274 0.0
159 0.0 1.435914061377855 0.2802981386653212 0.1327923144126217 0.0
160 0.0 0.9243123167834317 1.0399855122583352 0.0 1.135615514594879
161 1.0975768556870187 0.0 0.0 0.10567363497074311 0.5779724271153102
162 1.132320651837852 0.0 0.0 0.29864161609690354 0.6978131326454711
163 1.7516060416354422 0.0 0.5353789175821274 0.5658869227537722 0.0
164 1.25163851206302 0.0 3.235112327100227 0.2737959626403136 0.0
165 2.9075908408019853 0.0 0.0 0.20762992185348933 0.0
166 0.24270797084466492 1.0436230006272666e-07 0.6720891855636337 0.2676762418152808 0.4469439983631362
167 0.0 0.0 1.3210126490572138 0.8956699033058653 0.6200832181350349
168 0.0 0.37516673085866425 0.0 0.6168412150155003 0.01202648926403872
169 0.420363478339158 0.42627188581394476 2.9982506276628227 0.4114444536243945 0.0
170 1.3146607947029576 0.0 0.0 0.8944697058315587 0.0
171 0.0 3.7163194612934634 0.0 0.0 0.0
172 0.0 0.6428407931057614 2.9965933187814215 0.8649019658693391 0.0
173 0.0 0.0 0.0 0.0 0.7203147004519441
174 2.364076929112464 0.0 0.0 0.6697473064705692 0.47197576678549014
175 2.3031664826765184 0.0 1.13753654274523 0.0 0.0
176 3.1346444203574375 0.0 0.0 0.5528635330194993 0.0
177 0.0 1.356751549361105 0.0 0.0 0.0
178 1.586262900608821 0.0 0.3448353428353275 1.3770808736454612 0.0
179 0.0 0.5165633591210799 1.6134640841936392 1.9488457256397207 0.0
180 0.2806919960077494 0.0 3.167929184551876 0.13092128114766827 1.0643664068150354
181 2.922239320690422 0.0 0.06699001232101263 0.0 0.0
182 0.7348886672834488 0.0 1.8530879432515563 0.0 0.7189146246191989
183 0.0 0.0 0.0 0.0 1.1525035207231105
184 0.0 0.12059780857793198 0.7979619883685578 2.197588325259583 1.794282813293774
185 0.1996406151170734 0.1002302267088773 1.7195726322878062 0.0 1.4697440788058351
186 2.2489043698648166 0.0 0.9875063873250967 0.1639778788690523 0.0
187 2.293213238024414 0.0 6.179885867624877e-07 2.0595143610098123 0.0
188 0.0 2.298230676077358 0.7007333076223067 0.0 0.0
189 0.0 2.6545139009239014 0.0 0.0 0.0
190 2.356357894067934 0.0 1.8612383375178816 0.6471623811251558 0.0
191 2.581881777409917 0.0 0.10468925435157972 0.0 0.9269984919478351
192 2.578806508869745 0.0 0.5504404962519373 0.0 0.0
193 0.1624827280118768 0.3619924491672732 2.8330817928508294 1.449248080167195 0.0
194 0.0 1.7696759339492676 0.0 0.0 0.0
195 2.319651964258233 0.0 1.3186297505531912 0.06830734735736618 0.0
196 0.0 1.0707124035766744 0.0 0.0 0.5544995401715448
197 0.0 0.793771520883287 0.0 0.6880069470398664 0.0
198 0.1952816054090648 0.13806030379758127 2.5201980499820977 0.17912685122701136 0.8779629070277842
199 0.0 2.362243669819571 0.0 0.21299866349763585 0.0
200 0.0 0.6168054513595304 0.7859113733851272 0.5479715806336235 0.87114304747986
201 0.0 0.45148909939700566 2.205473659176079 0.0 0.6035235159209215
202 1.110232947286857 0.0 2.9163682238066784 0.0 0.0
203 0.0 1.2685703138378197 2.8816740975854565 0.2644062533718595 0.27038424715892123
204 0.0 2.18260031853743 0.0 0.0 0.0
205 0.0 0.6652588480936725 0.5054661077191346 0.023386312913991847 0.19014450872057626
206 2.3744207118338165 0.0 0.0 0.10239484380622067 0.0
207 0.04182378129387367 0.45543768477767665 2.1331914394607354 1.0385833910640496 0.5546720707387657
208 2.5674836471350586 0.0 0.37166534259154566 0.42937736717163777 0.0
209 0.5259023640692908 1.7165231047352847 0.2526782371348138 0.49922981980192344 0.0
210 0.0 0.17445682301938253 0.0 0.0 1.4467611839369354
211 1.2583941512187762 0.0 0.4184105178513794 0.0 0.0
212 1.6172350170965437 0.0 0.0 0.07672454621271536 0.29740168324197946
213 0.5136374812043019 0.0 0.0 1.1801343302879979 0.4848617530525521
214 1.9070668082676725 0.0 0.16187690828805362 0.6097313035661133 2.2971659702583707
215 1.4642589183434311 0.0 0.34791841409185176 1.5569193001622992 0.8931588640872588
216 0.4989654588513958 0.0 2.8531244465462544 0.0 0.7606605349380973
217 2.7028787020571627 0.0 0.0 0.7767832191214155 0.0
218 1.4719832062063347 0.0 1.6862866995376593 1.6034056516617954 0.0
219 0.3764984202726964 0.2016286962494284 1.2165954666458587 1.2026535518111392 0.1948172809959159
220 0.5796297406169488 0.0 1.9832851718716387 0.5517203531363047 0.4645627112312324
221 0.0 1.2175551181799464 0.8794821793424656 1.767932617370529 0.0
222 2.088535387194656 0.0 1.53921155232595 0.0 0.0
223 0.0 0.0 0.0 0.7558588611806423 0.36231847158768204
224 0.0 0.20197701599232548 0.0 0.8345110916427272 0.0
225 0.7418686847542673 0.4174304251503351 0.50900340935404 0.0 0.3339825726503496
226 2.42001226823898 0.0 0.6433264389680853 0.887605618749977 0.0
227 0.0 2.4106402152437525 0.11289776250613814 0.0 0.0
228 0.7728987942336252 0.0 2.8274192650159593 1.2198091309938088 0.6833657878190035
229 0.0 0.0 0.029300232977850765 0.2549105691297928 0.888812640677793
230 0.3591968719376676 0.0 0.0 0.0 2.1494411618699774
231 1.3079734512842558 0.0 0.0 0.0 1.51299681058997
232 0.24533688149437577 0.5366850190829516 2.109034908334027 2.036117911312952 0.0
233 1.5148351831019815 0.0 1.7495770526706267 0.0 0.0
234 1.708819563811848 0.0 1.327156512208016 0.2523427957696961 0.0
235 1.6388713891935938 0.0 0.5795837962298767 0.0 0.0
236 0.0 1.0618055603695604 0.0 0.0 0.0
237 0.0 0.8151249581525635 2.4096268756187786 0.935280018150282 0.0
238 0.0 1.1850750860093493 0.0 1.0748770887875814 0.0
239 0.0 2.477546307528975 0.0 0.0 0.0
240 0.13884400453088724 0.30355902618089725 0.0 0.6409067548206037 0.0
241 0.0 0.8924133753933917 7.702717364567475e-05 2.8021789722420847 0.0
242 1.8718006430147611 0.0 0.9181650650785695 2.054146809407754 0.692940032472138
243 0.0 2.047835178870786 2.5406624694414237 0.9198782558101236 0.0
244 0.0 0.0 0.0 0.07208955172935481 0.0
245 0.0 0.8739009862216318 0.0 0.22963452672359982 0.0
246 0.0 2.0308055838359147 0.8281377854910731 0.8833500499382299 0.0
247 2.9797816741247583 0.0 0.2719812559117918 0.5137686050354736 0.0
248 0.0 0.9166646605766454 0.0 1.330806699398552 0.0
249 0.0 1.6516975383526498 0.0 0.0 0.0
250 0.0 1.521166595675691 0.0 1.96175812042604 0.0
251 1.1510849726384929 0.0 1.9630121111518877 0.0 0.0
252 0.44993252107913967 0.0 2.11928890553693 0.09702194979432774 0.0
253 0.10600989738836411 0.0 0.0 0.0 1.9449625074786352
254 0.0 1.8805209278382553 0.0 0.4412549019115609 0.0
255 0.0 1.3825768020053295 0.0 0.28682149452390393 1.0925042468859487
256 0.0 2.935063389330455 0.6909846999889298 1.1031277612593504 0.0
257 2.1501256851560178 0.0 1.054355890234734 0.0 0.0
258 0.0 1.5337191427560317 0.0 0.0 0.0
259 0.24677532653280312 0.2361800832262304 0.06545914150607099 1.0984009897826406 1.0966095296744545
260 0.4507051875756716 0.30372737267405847 0.0 0.5527652659698272 0.4047302207010688
261 0.0 2.8904706921171384 0.0 0.0 0.0
262 1.812582329390547 0.0 0.18126656931507523 0.7851515017292976 0.2382272931761516
263 1.9463656459110128 0.0 2.0379601789323334 0.0 0.0
264 0.10369865198349199 1.369565987666801 2.083727400157569 0.3880150367154201 0.0
265 0.0 1.450011252770511 0.0 0.06941430928695226 0.4979027837705664
266 0.6442925855255157 0.17781469024789048 2.476344836841304 0.07177972413587655 0.0
267 0.0 3.005421066338506 0.0 2.2384765896602588 0.0
268 0.0 1.7696759339492676 0.0 0.0 0.0
269 1.0169017139185086 0.0 0.0 0.19515582028894723 0.27539163855350735
270 0.0 1.1282547245502539 0.8988517288847169 0.42124250249224493 6.451224512032495e-06
271 0.0 1.0511858522715394 0.0 0.0 0.7462500653764434
272 0.0 0.0 0.0 0.0 0.5762517603615552
273 0.6010829697441966 0.0 0.0 2.054504883306667 0.0
274 1.4282851120087003 0.0 0.0 0.4127375792279586 0.5871300619511459
275 0.0 0.802871271077449 0.0 1.0864930875139946 0.47801295477157124
276 0.0 3.3014681590388455 0.0 1.2999667797443832 0.0
277 0.7778119859437997 0.0 0.0 0.0 0.0
278 1.6778511750982217 0.0 1.0224056624342555 0.0 0.0
279 0.3690534828547354 0.7482360408812169 0.0 2.8184469769197804 0.0
280 0.0 0.19681637414643505 0.0 0.0 1.10402898946997
281 1.4644892117011965 0.0 0.8250616457419613 0.0 0.0
282 1.5072450120063023 0.0 2.2470686869822454 0.6566905616343598 0.0
283 0.0 0.9262898903403237 0.0 0.0 0.47501820955313956
284 0.0 2.7641434177984574 1.3859069109881479 1.0249866426963132 0.0
285 2.2432498147294186 0.0 1.0850831722031575 0.09907411006523696 0.0
286 2.753406495723789 0.0 0.0 1.3740757255561684 0.0
287 1.8531247460676727 0.0 0.0 0.22133920595776452 0.6803137903596688
288 0.0 1.7696759339492674 0.0 0.0 0.0
289 1.6678081413892927 0.0 0.6383882652659287 0.0 0.0
290 0.0 1.3093373813446882 0.4840247922609081 1.4375449493600243 0.0
291 1.0772746729142022 0.0 2.175574979804005 0.20966265131313377 0.0
292 0.0 1.5968068644856077 0.37990132652626185 3.4685097106248133 0.0
293 0.0 0.5704245897327618 0.0 0.5284175787906943 0.0
294 0.5788361028865399 0.0 0.0 0.0 2.566331988945154
295 1.8377267578338228 0.0 0.2443766463811587 2.6436084985343857 0.12737632005291208
296 2.616813948817958 0.0 0.0 0.792437319484305 0.0
297 0.0 2.1717832740870024 0.0 0.5178461618175099 0.0
298 0.0 0.2949459889915446 0.0 0.0 0.0
299 0.0 0.0 0.0 0.0 0.7203147004519439
300 1.0745616883963016 0.0 2.407451960801363 0.33285293866905996 2.9633521934626187e-07
301 0.8290817163454883 0.13878055717948903 0.0 0.643203730955012 0.0
302 2.0539119321595205 0.0 0.0 1.0548781579619138 0.478319066500852
303 0.30869298885880947 0.0 4.00011797800425 0.17646432678853197 0.0
304 0.05188442119904494 0.6898873754915117 0.9657837365307862 0.3509679561903779 0.0
305 0.7008625346930448 0.4192290548559088 1.56531119640881 0.998063853721816 0.4913890824202713
306 2.2627257772910534 0.0 0.0 0.0 0.0
307 0.0 2.1236111207391213 0.0 0.0 0.0
308 0.3314110471681181 0.2562511510631586 0.4049067658058263 2.299142014742918 0.0012073398581030107
309 0.0 0.9852953461293574 0.0 0.0 0.9071673246913128
310 1.9797840912886806 0.0 0.00014212683269234543 0.0 0.0
311 1.5623097393775185 0.0 0.0 0.5622496017276383 0.5915406777963244
313 0.21824974200219577 0.0 0.0 0.0 2.436602894178389
314 1.461555784002706 0.0 1.2273460119685722 0.0 0.0
315 1.1606252083923785 0.0 1.8500435733251583 0.0 0.0
316 0.47653114277065567 0.5304855869581311 1.1562971709888612 1.7771013988536872 0.0
317 0.0 0.0 0.6289182608181421 0.0 2.259148030518011
318 0.0 0.5509038474549615 0.8526202076302325 0.0 0.4459072009163586
319 0.0 2.4454500439453937 0.0 0.39967197833931456 0.0
320 0.8563792626108708 0.0 0.0 1.7140952210699045 1.168577865086752
321 0.7103146187979401 0.0 2.085790961657506 0.0 0.0
322 1.3536475668468047 0.0 1.9764809139211545 0.0 0.0
324 0.21213054162103628 0.0 0.0 0.0 0.0
325 0.0 1.8601517290421434 0.9830376885985439 0.6119717942944711 1.1670900674074185
326 1.4177734398843513 0.0 2.1272404086964083 0.04170638597293067 0.0
327 0.0 1.8058184223090035 0.0 0.2441891745948356 0.0
328 2.779590262183076 0.0 0.4668746291744588 0.0 0.0
329 0.0 1.973140900677127 0.0 0.0 0.22341421008709905
330 0.6977500593964777 0.0 0.0 0.2747560234430576 2.7834312956551597
331 0.9625923766958923 0.0 0.0 0.0 1.0641630114904341
332 1.6083052077593343 0.0 0.6502498196551567 0.0 0.8243770207722689
333 1.6465792231455416 0.0 1.5452228410324533 1.3177641106965128 0.7073941065283097
334 1.3223428895750873 0.0 0.22086786654328033 0.06434855557044422 1.1795272328863131
335 0.0 0.0 0.3942848473589283 0.6264667321466589 1.0586843122133982
336 0.0 0.0 0.0409935041819681 0.0 1.0931734101136683
337 0.30132320197442986 0.0 1.6213585142652396 0.7154691827392892 0.07565765749756233
338 2.943206799558504 0.0 0.13511989218127174 0.3618186925989654 0.0
339 0.0 2.461101141904673 0.0 1.0293510413846023 0.0
340 1.2020730691858723 0.0 0.0 0.0 0.0
341 0.0 0.5048830466139637 0.0 0.6382729551067176 0.8049089308706897
342 2.1815549465365134 0.0 0.0033628054933274006 2.4592740038975096 0.0
343 1.2119858877631868 0.0 0.0 0.0 0.2679297814306731
344 0.0 1.415740747159414 0.0 0.0 0.0
345 2.980817865190814 0.0 0.1599475233909472 1.279503016507558 0.0704303578046219
346 0.0 1.0028163625712514 0.0 0.0 0.0
347 1.233451648657434 0.0 0.0 0.09861730023240173 1.899938572043849
348 0.0 0.2005509368095046 0.0 0.33127209082025905 2.305716314252285
349 0.0 1.8286651317475764 0.0 0.0 0.0
350 0.0 0.4926038430952454 0.4466044391017905 0.0 0.1674751393426097
351 0.0 2.4925439989125007 0.0 1.06301488889376 0.0
352 2.4748563189120896 0.0 0.0 0.0 0.0
353 0.0 0.05925033773162997 0.0 0.2913251304389812 0.4256220002315129
355 0.0 0.0 0.14788696684948877 0.0 1.0825288888624152
356 1.0033755990826934 0.0 2.736536443000502 0.16709297115985078 0.0
357 2.584339581781311 0.0 0.642190332434754 0.0 0.0
358 0.0 1.6163272080517253 1.0550715663344727 0.0 0.0
359 0.0 0.9438271647729427 0.0 0.0 0.0
360 2.246653973176884 0.0 0.0 0.6226342461793125 0.6612972699222144
361 1.3838187720155979 0.12989344857729265 0.0 2.5395507236820216 0.0
362 2.7320978227728947 0.0 0.0 0.530725454384675 0.0
363 1.8102941759989577 0.0 0.0 0.0 1.0658344045933343
364 0.0 0.08575213809132189 0.0 0.16283133165777625 0.18549124396599653
365 0.03160733928492084 0.7877111095834842 2.325245915909154 0.27677425284701856 0.0
366 2.404146138371744 0.0 0.0 0.0 0.0
367 0.0 0.4470406010207006 0.0 0.23750683175642245 1.1708059834883628
368 0.0 0.09954846309794065 1.0264862321367367 0.0 0.0
369 2.6162766799927804 0.0 0.0 0.0 0.0
370 0.3535509027017271 0.0 0.0 0.0 0.0
371 0.0 2.0063229270113334 0.0 0.8771883918864418 0.2622322523494262
372 1.909174874589326 0.0 0.0 0.0 0.0
373 0.10390563725076507 0.9774123837263067 0.0 0.7180982124348834 0.0
374 0.047445908127394465 0.31384341554511164 0.6897535416439954 0.6839837820877697 0.5173563594521186
375 0.8794618164302224 0.0 2.544453608425438 0.0 0.0
376 1.2320657996321134 0.0 2.614444107454558 0.0 0.18875749621509258
377 1.1329252575129936 0.0 2.088114292969556 0.0 0.0
378 0.5324928003791181 0.0 3.95339969159573 0.39141048837002246 0.9108614708073293
379 0.0 1.6586354110368848 0.0 1.6495810504576385 0.0
380 0.0 0.0 0.552434981758802 0.23185628427242225 0.898063134308291
381 0.0 0.3304758503962024 0.0 0.0 0.20135514102850222
382 0.0 2.418557109730666 0.0 0.0 0.0
383 0.0 1.356751549361105 0.0 0.0 0.0
384 0.763121661649323 0.1820735256048712 1.8280977714701878 2.000882023514754 0.0
385 0.0 2.5955247031255926 0.0 0.0 0.0
386 0.0 1.698166788559743 0.3799617887088276 0.12744591776009392 0.23440956093460724
387 0.9731325238077799 0.0 0.0 0.06111972239098464 1.7849254937754213
388 0.0 3.208705812621126 0.0 1.6295984949537217 0.0
389 1.964012899365295 4.297782142714207e-07 2.510811132983174 0.0 0.0
390 0.23688710279517083 0.11065154417566302 0.0 0.27207271247623704 0.0
391 0.02656448726219454 0.10393387301592777 0.31224741977162684 0.48633255750591986 0.7173230226416253
392 0.0 1.7106867361509583 0.0 0.0 0.0
393 0.0 0.4781178855571686 0.0 0.3859897602370995 2.23881209718445
394 0.13557720616851698 0.0 2.44384697448539 0.0 0.22054875734409213
395 2.727147051655123 0.0 0.10622161434720553 0.0 0.4847583608072503
396 0.0 0.0 2.8906611072811756 0.20689294580344658 1.1653963240665326
397 0.46762049814732753 0.0 0.2874597536497112 0.0 0.5040593357890997
398 0.0 0.0 0.0 0.4325373103761289 0.0
399 0.6028930181796343 0.0 2.4713107343001957 0.0 0.669333578360175
400 2.655269528342159 0.0 0.5423422229654068 0.0 0.0
401 0.0 2.0646219229408125 0.0 0.0 0.0
402 2.0845131359824296 0.0 0.0 2.3990456693670343 0.32293688945752075
403 0.14142036108069087 0.0 0.0 0.0 0.0
404 0.0 3.008449087713756 0.0 0.0 0.0
405 0.0 0.0 0.6036886535223472 0.0 2.007537091456874
406 0.5411384588366406 0.1804503747078428 2.355936716445758 0.04466035167827594 0.0
407 0.0 0.58446385362134 1.630964635462504 0.33931073425604785 0.0
408 0.0 1.7576206632246016 0.0 0.5914489258023448 0.0
409 0.0 0.0 0.0 0.0 0.8643776405423328
410 0.22259403126240734 0.10796336487838906 2.150907747072658 1.8320089982885923 1.2942834980240463e-05
411 1.275412918879058 0.0 2.057381611268265 2.0780996056564653 0.3554056126478684
412 0.0 0.0 0.0 0.0 0.43218882027116645
413 0.0 0.0 2.528114232454058 0.0 1.9595018601982912
414 0.06631203626625591 0.5248997714636007 0.3836463563515093 0.45486507947102905 0.0
415 0.0 1.8286651317475766 0.0 0.0 0.0
416 0.0 1.1094496225664119 0.6163763220499485 0.0 0.0
417 2.170510479704653 0.0 1.2577634804316893 0.1202606395493131 0.0
418 0.0 3.0313140871121984 0.16049494520404792 0.0 0.0
419 0.0 0.0 0.0 0.0 0.7203147004519441
420 0.8483451905550718 0.0 0.31400897044470105 0.2846987783900932 1.1378990602410706
421 0.4003382910378317 0.0 0.0 1.3983733720988214 1.5761343900745735
422 0.0 0.0 1.566789025948271 0.0 0.613636941560452
423 0.0 2.870828832456467 0.0 0.2402725899916867 0.0
424 0.0 0.0 1.5628533846643382 0.09364754833933375 0.0
425 0.0 1.474729944957723 0.0 0.0 0.0
426 0.0 1.2844596839814524 0.2215244947954081 0.0 0.0
427 1.4247288671101033 0.0 0.0 0.6804505512730741 0.2034438378782116
428 0.0 0.5245459127247085 0.4093246916386256 0.2159477503176869 0.0
429 0.959449902792739 0.0 0.0 0.0 1.0705653997489006
430 0.0 1.2373159604551829 0.20997251717573256 0.0 0.41997913609767373
431 2.8319057476419873 0.0 0.4927688475857291 0.0 0.0
432 3.1819581243155435 0.0 0.0 0.0 0.0
433 0.11538198006926442 0.0 2.1032187561362696 0.08928952283906273 0.0
434 0.0 2.67440416556977 0.5155628591205778 0.25110922847246664 0.0
435 2.3861406138632133 0.0 0.0 0.09044631705724551 0.0
436 2.437534167815761 0.0 0.8821761955140202 0.12004188400721796 0.0
437 0.0 2.0573888134943714 0.33649460744878296 1.1348393850763743 0.0
438 2.013063469845362 0.0 0.0 0.13071638522887918 0.8236846112273268
439 0.0 0.0 0.0 0.0 1.8728182211750544
441 0.0 0.0 2.1349789529246115 0.5159840662712143 0.20078543439412744
442 2.63483717731878 0.0 0.4715661055580067 0.0 0.0
443 1.3017787547018616 0.0 0.4718926655809877 1.1425577536828602 0.0
444 0.6125478413528509 0.0 0.005334501271685125 0.0 0.905235645534801
445 0.0 1.2791969516080521 0.0 0.0 0.1894032091779452
446 0.9061588314401903 0.0 2.266955316188205 0.24584602689732443 0.0
447 0.0 0.8474079926496791 0.0 0.5503693059941612 0.0
448 2.0386188882015057 0.0 1.2113240455587926 0.0 0.0
449 0.0 1.388652651337078 1.5014329622180185 1.9013835119412863 0.0
450 0.0 0.07074609163707224 1.8319683028802214 0.9027182061350216 0.2699654392055325
451 0.0 1.9466435273441942 0.0 0.0 0.0
452 0.0 0.2719843896447616 0.38063532644895964 0.0 0.8017476158670382
453 1.2135176862563575 0.0 0.0 0.7813171973243619 0.0
454 0.0 0.0 0.0 0.0 0.1440629400903888
455 0.07071018054034543 0.0 0.0 0.0 0.0
456 0.0 2.325425829567556 0.35622779963094225 0.0 0.0
457 0.0 2.0646219229408125 0.0 0.0 0.0
458 0.4770733336261789 0.0 0.0 0.0 0.7567794417400681
459 0.5703799909876858 0.0 0.0 0.1963733291665355 1.4708153068051322
460 2.404146138371744 0.0 0.0 0.0 0.0
461 1.5264188233924565 0.0 0.0 0.003764432127767308 2.7891748144098347
462 2.2950005299450535 0.0 1.380363948672882 0.7696250496266908 0.0
463 0.4411784822111835 0.05672522100425697 0.0 0.3413999309884925 1.737882274413531
464 0.7300706040497411 0.07695217555983581 2.58354830604607 0.3183081034813694 0.0
465 0.0 2.2262269510845822 0.532257416108763 1.1839176581982218 1.2231400438800433
466 0.0 1.4959647873844855 0.0 1.343750794787312 0.0
467 0.0 1.1668547269843215 0.0 1.716155755063501 0.34766596237789915
468 2.1528129412047514 0.0 0.0 0.6385432162616616 0.2444422932534503
469 0.0 0.04327858955307144 0.9917569827219447 1.031279960899373 0.14366866992814353
470 0.0 0.4626610281143323 1.392112843238753 0.6611486882357162 0.0
471 0.0 1.6278056733759283 0.0 1.6872574734446224 0.0
472 0.0 1.6822426157843213 0.36586730124302 0.20232401161575958 0.0
473 0.4157530317648834 0.0 1.438306538113762 0.0 0.3847355560381685
474 1.4077581027084802 0.0 1.4026157706675695 0.0 0.0
475 0.0 1.9539515419697202 1.9164320639722274 1.1096381464211211 0.4653938633510344
476 2.2627257772910534 0.0 0.0 0.0 0.0
477 0.0 1.0813590788389145 2.2428429329127355 1.379517392326406 0.0
478 0.0 0.40521834252207084 0.09784205595874478 0.0 0.45346408015029604
479 2.6826563688757163 0.0 0.9019447374726417 0.0 0.0
480 0.0 0.7618714106957863 0.3070332881324965 0.0 0.0
481 0.0 0.2659000375176174 1.914545887629468 0.0 1.1897030047259
482 0.0 0.0 0.09953874476886816 0.0 0.0
483 0.0 2.4686904860248045 0.0 1.1642553549502417 0.0
484 1.1195341874316367 0.09521788890385685 1.2827357789707414 0.36291533141634214 0.5232507342945593
485 0.0 0.0 0.0 0.0 0.2881258801807776
486 2.4013974350002067 0.0035706023692385746 0.0 0.3946122058216005 0.21673207268601186
487 0.0 1.222172890155833 0.01847340807427411 0.0 1.4544337709114439
488 0.0 0.9438271647729426 0.0 0.0 0.0
489 2.0281774872158387 0.0 0.02738651256229748 0.9843791598416833 1.0641862782449911
490 0.0 0.6442872104895674 0.0 0.0 0.29934522493059385
491 0.0016498760376077745 0.0 0.0 0.0 2.157582690156679
492 0.0 0.0 0.0 0.0 0.7203147004519441
493 0.0 0.4269881876486612 1.9624052759484645 0.5830246874970388 1.1466101296295435
494 0.0 2.8731362611823448 0.8353127258182679 0.5696532727378933 0.0
495 2.639289562486145 0.0 0.14475022521689315 0.5074946589976723 0.02601135610464205
496 0.4958844658430822 0.17135867040182787 3.1927068739267748 0.5051425007499423 0.0
497 0.0 0.21969873918784516 0.0 0.0 0.47189410292388523
498 0.0 0.6789856674311026 0.0 0.0 0.21460493501024835
499 0.0 1.415740747159414 0.0 0.0 0.0
500 1.3595476301910943 0.0 0.0814916833734071 0.06545208807438302 1.5913678011601218
501 0.0 0.2630821048004696 0.0 0.4799453167736925 0.2712039788613044
502 2.0687668172491485 0.0 0.8702685614602714 0.0 0.0
503 1.8308878926713754 0.0 0.0 0.11573782938149063 0.6485252417088452
504 0.0 1.9450477811548992 0.0 2.3088157857319294 0.0
505 1.5666850361773519 0.0 0.0 0.9975725493046427 0.0008080246650110545
506 0.0 1.753835566783611 0.648918947622844 0.7028205083506842 0.0
507 0.0 3.244405878906992 0.0 0.0 0.0
508 0.0 1.2977623515627963 0.0 0.0 0.0
509 0.0 1.1545292850927056 0.0 1.32861099904783 0.8641062080885856
510 1.0119839504422172 0.0 1.8602084322606045 0.0 0.0
511 2.495465207202241 0.0 0.46868258491346204 0.0 0.0
512 1.5699879281939908 0.0 1.2572427060488487 0.6607854315728557 0.0
513 1.9709805147941095 0.0 0.0 0.09073883189907705 0.26899923176110974
514 1.7683661569799738 0.0 0.0 0.0 1.871572075908635
515 0.0 0.0 0.0 0.0 0.2881258801807776
516 0.0 1.9916024167656214 0.0 0.0 0.17832764533454687
517 0.0 0.0 1.5459519249580762 0.0 2.228486926581467
518 0.0 1.0618055603695604 0.0 0.0 0.0
519 0.0 1.3032818970072408 2.0251648571566574 0.337712294982512 0.2703076135057867
520 1.314968162722769 0.0 2.0309299240282286 0.0 0.0
521 0.0 1.0154053496621467 0.1498718127285361 0.0 0.04047090842619962
522 2.4280481812325165 0.0 0.0006181516889191109 0.09896453104136813 1.7695195618700148
523 0.0 0.8347448057358733 0.9782305302440868 1.0108077097710693 0.0
524 3.3940886659365797 0.0 0.0 0.0 0.0
525 3.1819581243155435 0.0 0.0 0.0 0.0
526 0.0 0.0 1.99077475599102 1.0094862072971724e-07 0.0
527 1.116712458339751 0.21338776910741322 0.0 3.0702785577131557 0.0
528 0.0 1.3706092791029878 0.5572072455733277 1.9584703458069495 0.0
529 0.0 1.3000316762875435 0.0 0.0 0.28258375375646677
530 0.0 0.0 0.0 0.07208955172935481 0.0
531 2.0717833630661646 0.0 1.0650996584436538 0.0 0.0
532 0.26066007950312453 0.0 2.3570218716603915 0.0 0.6676225975335659
533 0.0953890818416821 0.0 0.0 0.0 1.3903492990500608
534 0.0 1.5176750959968044 0.16849965057275257 0.0 0.3715639854322511
535 2.8021301055665173 0.0 0.0 0.8197747830656954 0.0
536 1.7126698989467815 0.0 0.9913427984585033 0.15726007071051246 0.6681925958544399
537 0.0 0.8055262603668141 0.06501422331173187 1.4916306820549523 0.0
538 2.0003965777689894 0.0 0.0 0.6768730729696937 0.046184350576728914
539 1.5332691547044623 0.0 0.0 0.41992134506696704 0.7910713800142726
540 0.0 1.6389229678951374 1.658435150989379 0.0010951332036623822 1.5184470620065307
541 0.0 0.062451905259899514 0.0 0.20666049547310406 0.5869960013757931
542 1.759652380311565 0.0012512082870696612 0.1078033490380163 0.4714614552627304 2.228711436981782
543 0.0 1.103935949675439 2.0595101053261233 0.5037670281700755 0.23153578296732633
544 0.0 1.356751549361105 0.0 0.0 0.0
545 0.0 0.7440267384213819 0.0 0.10414373457824107 0.27983132515074693
546 0.5995068894261687 0.0 0.0 0.6234136730029958 0.2699545349215128
547 0.20813194236712337 0.0 0.1325973232263021 0.0 0.24842666266376456
548 0.9250653382951814 0.0 2.9537783870113126 0.7957205683890762 0.17358184341667857
549 0.0 1.8876543295458856 0.0 0.0 0.0
550 0.0 1.8276569140318437 0.3998562520139674 0.0 0.0
551 0.0 0.0 0.0 0.14417910345870963 0.0
552 3.6047427197963975 0.0 0.0020784523147202387 0.0 0.0
553 0.0 4.06773696610699 0.20332584199893716 0.0 0.0
554 0.0 1.1946849947444869 0.0 0.5585061440579405 0.0
555 0.0 0.24424582800879652 1.514719671759792 0.834765548339593 0.7293230742462946
556 0.0 0.648881175781398 0.0 0.0 0.0
557 0.0 0.1970206403757887 0.1758157984316548 2.3088687170676403 0.5569422418506074
558 1.9201034355621864 0.0 0.0 1.9838485807682047 0.9113739835454427
559 0.0 1.1797839559661782 0.0 0.0 0.0
560 2.3760239210415808 0.0 0.5372813785748313 0.0 0.0
561 1.882606584952693 0.0 0.23647767973492195 0.0 0.0
562 0.0 0.0 0.39815497907547265 0.0 0.0
563 0.0 1.7255394108738558 1.962768690832595 1.804370732420621 0.0
564 0.0 0.46044487103918885 1.014739823619071 0.0 0.0
565 1.6165017423988381 0.0 0.0 2.0339685082989947 0.27726095063390216
566 1.2770344981862927 0.0 0.0 0.646082107933043 2.301788993083977
567 0.0 1.0618055603695604 0.0 0.0 0.0
568 0.0 0.0 0.0 0.5767164138348385 0.0
569 0.6462490900249978 0.0 0.0 0.7511722854364276 0.4956636880782947
570 0.0 2.5955247031255935 0.0 0.0 0.0
571 0.0 0.8296968923702005 1.4875450567122948 0.0 1.151118113102728
572 1.4043913452467387 0.0 1.7225169229583994 0.060106679982174394 0.0
573 0.0 0.4129243845881624 0.0 0.0 0.0
574 1.308915759260436 0.0 0.0 1.4608373526134857 1.0408262131831179
575 2.689720730798323 0.0 0.126579022373354 0.7706143230422118 0.0
576 1.088173791987833 0.0 0.0 0.0 0.23205519519155193
577 0.0 0.0 0.0 0.0 0.43218882027116645
578 0.0 1.250259419775797 0.4275336822693467 1.0524245770874268 0.8515968246549234
579 0.37235040502917627 0.0 0.0 0.0 1.258264881651456
580 0.0 0.3539351867898535 0.0 0.0 0.0
581 0.778380342662256 0.0 0.0 2.267758373238202 0.5091824138912171
582 0.2645572744726971 0.0 0.0 0.0 2.0541313451695538
583 0.0 0.0 0.0 0.0 2.160944101355832
584 0.0 0.39419250613775436 0.0 0.0 0.6219986018800365
585 0.0 2.7589437418273466 0.0 1.3141693564005683 0.0
586 2.39386968420012 0.0 0.014466167970461618 0.0 0.0
587 0.0 0.0 0.0 0.14417910345870963 0.0
588 0.0 1.0028163625712516 0.0 0.0 0.0
589 2.2138241624114388 0.0 0.0 1.321810467313668 1.0597132808267966
590 2.4211460509610574 0.0 0.0 0.7756535324798375 0.0
591 0.0 0.20838454762805997 0.7553581829082191 0.2777335488320204 0.0037756813129123353
592 0.0 0.0 0.0 0.0 0.43218882027116645
593 0.0 0.5436642811074586 1.828169945903175 0.17425834306662696 0.0
594 0.0 0.41490834068981586 0.0 0.0 0.42734361878204474
595 0.4881357571333047 0.12395071676397854 0.6264648797381389 0.0 0.10109563567870497
596 0.0 2.3041988552375856 0.0 0.35602365458888624 0.0
598 0.0 1.37336952083758 0.3701137090953513 0.0 0.0
599 0.9941788586807421 0.034099861830408015 0.12028531033753108 1.4642382009327077 2.2822758199406503
600 0.0 0.45033776884203947 1.069585354129532 0.0 0.2334311431811636
601 0.15094174030444843 0.3018909281230062 0.0 0.3913855282284435 0.18994072823304883
602 1.7306944649125313 0.0 0.5427701166472167 0.0 0.2983916881095712
603 1.3314835880569094 0.0 0.4771199364066969 0.17007886117641174 0.29061316387873437
604 0.97188847738671 0.0 0.0 0.0 2.1977269172010865
605 0.0 2.0056327251425032 0.0 0.0 0.0
606 0.24277280258154982 0.0 0.0 0.0 2.386640297843895
607 0.0 0.0 0.0 0.47014506606495843 1.221411549668065
608 0.0 1.0877149803619792 1.1764562063940205 2.5045134849785704 0.0
609 0.0 0.0 0.9666683948653022 0.0 1.77032051476281
610 0.3152769452001585 0.0 2.5268150414784105 0.0 0.8868569536307691
611 0.0 0.950598465666063 0.0 0.7628122169167376 0.18782320841172706
612 0.0 0.8955968790233502 1.1188819425082954 0.6183080894805446 0.0
613 1.8725464256968283 0.0 0.5492556035868148 0.0 0.0
614 0.0 0.3539351867898535 0.0 0.0 0.0
615 0.0 1.4964748529340426 0.0 0.4170868177843776 0.12183379094997074
616 0.0 1.3914658564989368 0.3545755117584641 0.34958590202340734 0.0
617 0.0 1.9466435273441942 0.0 0.0 0.0
618 2.830091045290005 0.0 0.8934783837683278 0.0 0.0
619 0.0 0.0 2.0064179892869274 0.0 0.2654855494637818
620 0.12069856083336598 0.0 0.0 0.11280779525280177 1.5455394814139898
621 1.7659574582858255 0.0 1.6946883763082528 0.0 0.0
622 0.0 0.9972397186176349 0.0 0.2951733150689997 0.0
623 0.0 0.0 0.0 0.0 0.43218882027116645
624 0.0 1.8876543295458852 0.0 0.0 0.0
625 0.0 0.7668595713780159 0.0 0.0 0.0
626 0.0 2.1644916975833617 0.25092024146826497 1.786822594655353 0.0
627 0.0 0.0 0.0 0.0 0.2881258801807776
628 0.5681295938545421 0.3974971693627637 0.44533386570229194 1.061102916838728 0.5811060456947525
629 0.0 0.0 0.0 0.792985069022903 0.0
630 0.0 0.5102814606133608 0.0 0.6125922950226662 0.4108560867158432
631 0.4726962953757664 0.14892297951109296 2.5573843030629733 0.22333918669991393 1.029381287692006e-06
632 0.0 1.202945550582839 0.0 0.0 0.3756237618842639
633 0.0 0.0 0.20266246299174012 0.0 0.7151261498314894
634 0.07529305247453666 0.0 0.3773963592282517 0.33411227806938154 0.2173985079104253
635 0.0 1.775443735308158 0.4091435858152792 0.0 0.11407299506026967
636 0.0 1.6085901966792102 0.0 0.12477019587216201 0.0
637 0.0 0.9873458504237467 0.0 0.0 0.18184489929407088
638 0.0 0.08732141912172857 1.8262691217756148 1.573548151879899 0.9140359922417849
639 0.0 0.4764806424335275 0.6278783323873625 0.5998596174773921 1.626998612089283
640 0.0 0.17420575192283255 0.0 0.8086657784345597 0.2635346757024243
642 0.3125992857065887 0.0 1.9131132137454037 0.09799586919993797 0.0
643 0.5173326245842008 0.0 0.7868202388996011 0.10767745252459023 1.1936241146682813
644 1.8225736266419759 0.0 0.0 0.0 0.8967536559100421
645 1.1146182047121589 0.0 0.0 0.049725150872388754 0.22287085410196933
646 0.14142036108069084 0.0 0.0 0.0 0.0
647 0.0 0.0 0.0 0.0 1.7287552810846656
648 0.2827241676545975 0.20612797377694694 0.0 0.0 2.9543439624884402
649 0.0 0.9438271647729426 0.0 0.0 0.0
650 0.0036151825428214004 0.0 0.552821281269619 0.0 2.650043991158885
651 0.06174242433197662 2.0628606324990867e-06 0.0 0.5699669847325249 1.0401941802344579
652 1.810033522992901e-06 0.7134681329085772 1.9171137196457515 0.0 0.09293571047968029
653 2.899117402154162 0.0 0.0 0.0 0.0
654 0.0 3.169367600100957 0.7235128827946733 0.3014446064600558 0.4065286872321396
655 0.21597937770935446 0.0 0.0 0.12467951494030463 1.6158185860857157
656 0.3262292915674604 0.0 0.08952986369122848 1.7259284230078447 0.2226479659073391
657 0.0 0.9748619963618328 0.0 0.0 0.35639580645205404
658 0.0 0.0 0.0 0.13129032992919498 0.025756778399621726
660 0.0 0.0 0.0 0.0 0.1440629400903888
661 0.0 0.0 0.0 0.0 0.1440629400903888
662 0.0 0.5642407777546103 2.372484481443155 1.8454969735088724 0.0
663 0.0 1.533719142756032 0.0 0.0 0.0
664 0.0 1.902856313914525 1.3732949781343726 0.4469954244381457 0.25141102378812136
665 0.0 0.0 0.8035068265190259 0.0 0.42177275546186344
666 0.0 0.619758297356176 0.0 0.17976960695938513 0.0
667 1.207223931001417 0.0 0.0 0.43137058900314385 1.8646555623907348
668 0.0 2.06379160871908 0.0 0.5467182685052681 0.20603867911351353
669 0.0 0.5954381755247833 0.9339662241221971 0.0 1.6600427168934992
670 0.0 0.0 0.9352233023845828 0.0 1.09551645928339
671 0.4411309370981595 0.0 0.0 0.0 0.9740704131853851
672 0.0 1.8646778516875093 0.5364643776350932 0.0 0.0
673 0.0 0.5702481228186719 0.0 1.0934818283394874 0.599968278981942
674 0.0 0.34202004183895324 0.0 0.0 0.7494137707444216
675 2.0068259555903873 0.0 1.202878053689664 0.6152464357983429 0.0
677 0.11680677549943039 0.0 0.0 0.0 1.0585876100690217
678 0.24087229111690453 0.16295632983648364 0.0 1.3345143250793348 0.4781669953332081
679 1.7677545135086352 0.0 0.0 0.0 0.0
680 0.0 0.0 0.0 0.0 2.0168811612654434
681 0.0 0.10274503685400851 0.34875435672868693 0.7413200173908925 0.21194741273518253
682 1.8384646940489806 0.0 0.0 0.0 0.0
683 2.265769469294609 0.1252542944638485 0.0 0.9251693714422558 0.0
684 0.0 0.0 0.0 0.0 1.2965664608134992
685 0.0 0.0 0.0 0.0 1.7287552810846658
686 0.0 2.4704514007219536 0.1115107353058073 0.0 0.0
687 0.022266468972851627 0.0 0.0 0.5229760138338766 0.3501550043565278
688 0.43006364805159075 0.0 0.0 0.0 2.1491221184371594
689 0.0 1.1933212787831171 0.38090282735549097 0.0 0.7122230889486805
690 0.0 0.851597560920192 0.0 0.0 0.6574312102393854
691 0.0 0.0 0.0 0.0 0.2881258801807776
692 0.404568493246352 0.0 0.0 0.0 0.9044987714897976
693 0.0 0.06417537766966984 0.0 0.0 0.1313972937010211
694 0.35761317885037985 1.5424596106335077e-07 4.373986042063043 0.0 0.0
695 0.29780686918306887 0.0 0.0 0.41727921286224334 0.0
696 1.9798850551296718 0.0 0.0 0.0 0.0
697 0.0 0.29904110088884184 0.11248358388042645 0.0 0.8356414589105868
698 0.8091459226952935 0.0 0.2963818548107248 0.0 0.5156467047973579
699 2.2603619704225446 0.0 0.0033275317184791784 0.0 0.0
700 0.0 1.8863781945532996 0.0 1.0108132639740983 0.0
701 0.0 0.05898919779830892 0.0 0.0 0.0
702 1.8575691374038936 0.0 0.3091922306568166 1.1983857398958095 0.0
703 0.0 0.0 1.0305028173947812 0.0 1.966058505082985
704 0.0 0.5418534651804623 0.0 0.0 0.5495080863438879
705 0.4996499674176445 0.0 0.0 1.1486628547299877 0.0
706 0.0 2.1248854024755244 0.28584036796310675 0.0 0.44756735718907825
707 0.0 0.8825474584651558 0.0 0.21906784110418942 0.0
708 2.2627257772910534 0.0 0.0 0.0 0.0
709 0.0 0.0 0.0 0.0 1.7287552810846658
710 0.0 1.7940253395535117 0.0 0.5469594786602341 0.0
711 0.0 0.4058189834316961 0.0 0.41662974774021655 0.19320518533362938
712 0.0 0.11267697478052109 0.0 0.0 0.157010026979663
713 0.0 1.885072508541508 0.40251156013752243 0.0 0.0
714 0.2849432184941222 0.0 0.07785346226716869 0.08872739517545504 0.13791571743030817
715 0.17398311440690914 0.0 0.0 0.32082859031001054 3.038153796183178
716 0.6090831142733034 0.06328368365608837 2.4201255313852035 0.0 0.0
717 2.6623577619849654 0.0 0.5323641140984552 0.0 0.0
718 0.32289491865200026 0.0 2.9199839375449423 0.9559721056443056 1.2731559523453515
719 0.8516908603113238 0.0 2.2907060987604204 1.0771604210936019 0.0
720 0.9223797592738888 0.0 0.0 2.592015052203783 0.0
721 1.2954922812083165 0.0 1.958807384173583 0.0 0.0
723 1.6263341524279447 0.0 0.0 0.0 0.0
724 0.7494764217713158 0.0 0.0 0.0 2.362737125751108
725 0.09295274403438765 0.8138764523706224 0.0 0.0 0.12798525953593795
726 0.0 0.0 0.19249873553558475 0.221033226291046 0.0
727 0.0003907139294127346 0.715650506722294 0.28697540203521593 0.6473303912741712 0.0
728 0.9633023453225964 0.11783959739038963 2.5262042216332534 0.0 0.0
729 2.595647756824534 0.0 0.0 0.5254423888349748 0.00043127809096414637
730 0.8021755479471417 0.0 1.9979661595670435 0.0 0.516206168102758
731 0.0 2.8486434994233503 1.597826489027347 0.3357036179868802 0.0
732 1.394661245696709 0.0 0.0 0.0 0.6160668273375024
733 1.1578767999357238 0.0 0.34464521358659417 0.7579792663543391 2.110262619647679
734 0.0 0.6404020714481052 0.06900569530693727 0.0 0.6411500005401687
735 0.0 0.0 0.0 0.0 0.5762517603615552
736 1.067972245230317 0.0 0.0 0.9573710728611691 0.9531467209870226
737 0.0 2.3231765237675406 1.2329041667006235 0.060475096857093666 0.3445775318709394
738 0.0 0.3822882477429571 1.463366053933262 1.1258910797357993e-07 0.8381406435875219
739 0.0 1.9466435273441942 0.0 0.0 0.0
740 0.0 0.13882831045431043 0.0 0.0 0.8134581477005505
741 0.0 1.1177120242959537 1.7456672144769905 0.07177873535872721 0.5069583138264298
742 0.7675088750189301 0.0 0.11404243745977827 0.0 0.0
743 0.0 0.0 0.0 0.6269717466986737 0.7639479550482954
744 0.0 3.134832961556047 0.39026444600150023 0.5721588511490278 0.0
745 0.9595601813748753 0.0 0.6128451758937392 2.0381751887996304 0.0
746 1.562919065765211 0.0 0.0 0.0 0.41732600045918067
747 0.0 1.3186634640571109 0.11584538235264172 0.03473685300819713 0.0
748 1.513317346340978 0.0 2.10528970061923 0.0 0.6407711637788465
749 0.0 0.0 0.0 0.0 0.5762517603615552
750 0.0 0.0 0.0 0.0 1.7287552810846658
751 0.0 1.415740747159414 0.0 0.0 0.0
752 0.0 2.547684255475219 0.5061313295390233 1.9266824073044222 0.0
753 0.0 0.49442470044855374 0.27267954895117724 0.4959007460925377 0.0
755 0.19862919320239894 0.1795839987519572 1.7458223957227994 0.30636520611874507 1.2040311827084929
757 0.0 0.21033164107396402 0.9378225731419038 0.3613647645628999 0.0
758 0.8668662919642984 0.0 0.0 0.64931754675054 0.537855615202594
759 0.5094086531641624 0.20756454141315053 2.1868656441701764 0.0 1.0526882954327923
760 0.0 2.3005787141340477 0.0 0.0 0.0
761 0.14142036108069084 0.0 0.0 0.0 0.0
762 0.6356264764991202 0.0 0.0 0.0 0.5778106521940922
763 0.0 0.0 0.0 0.0 1.4406294009038882
764 0.13780542578356528 0.0 0.0 0.0 2.168309069217048
765 1.5837431475074077 0.0 0.05995537185506158 0.0 0.0
766 0.0 2.519210210006299 0.32785104700734924 0.0 0.0
767 1.118185280172263 0.0 0.0 0.4459719796195559 0.0
768 0.6656133421717938 0.2553206900063126 0.08215045764489691 0.7609830795723993 0.4144815254310237
769 2.07069083425321 0.0 0.0 0.057256689794298356 0.42088843347585997
770 0.0 1.8997811597676089 0.0 1.2827919676908253 0.0
771 0.0 0.6590111527208055 0.32723427903766306 0.6877896484897792 0.0
772 0.0 1.4489728660726073 0.0 0.17565632878112009 0.0
773 0.0 1.4992807888393114 0.0 0.0 1.0925456490569325
774 0.0 2.77249229652052 0.0 0.0 0.0
775 0.5497733283962367 0.0 0.0 0.0 1.1849142702666864
776 0.0 0.0 2.986162343066045 0.0 0.0
777 0.6933246343552742 0.15577074608498923 0.0 1.8421889759310908 0.0
778 0.4907714884536653 0.5379641684246432 0.2532184139249027 2.479575615629395 0.0
779 0.5161923549261296 0.9679810282001418 0.0 0.8139215945894205 0.0
780 0.0 0.0 0.0 0.21626865518806443 0.0
781 0.18828211127912126 0.39240270011782125 2.0007151713245506 0.7595525897035464 0.43925636859032835
782 0.29680727561218895 0.0 0.0 0.0 0.25967081561048116
783 0.03784501674063574 0.0 0.08276247601861286 0.0 2.2521830455178433
784 0.8526415830955709 0.0 0.0 0.0 1.864425437222812
785 0.0 1.03324392269757 0.0 1.8371434153219686 0.0
786 2.353289343871529 0.0 0.592316323539698 0.0 0.5429181902495365
787 2.2974696894916296 0.0 0.0 0.8436888853528448 1.1244542580874715
788 0.0 0.24080015170261476 0.0 2.562190670360799 0.1982476792661364
789 0.0 0.0 0.0 0.0 1.2965664608134992
790 0.0 0.0 0.19907748953773632 0.0 0.0
791 0.0 0.0 0.0 0.0 2.160944101355832
792 0.8029059540416839 0.0 2.970235576651393 0.13013035659662556 0.0
793 0.0 0.0 0.0 0.0 2.8812588018077765
794 0.0 1.2301891615087965 0.0 0.0 0.16502669630718184
795 0.0 0.06334771095020819 2.082959057538039 0.0 0.0
796 0.0 0.12766056122432506 0.0 0.0 0.696668994139091
797 1.3005202227346744 0.0 0.5581871224430848 0.0 0.0
798 1.0835637813087828 0.0 0.0 0.192910646705203 0.0
799 2.1213054162103626 0.0 0.0 0.0 0.0
800 0.0 0.4719135823864713 0.0 0.0 0.0
801 0.0 0.0 0.003931941130070379 0.0 1.8671275024426093
802 0.0 0.0 0.2790548591657375 0.5187939160339745 0.0
803 0.0 0.05898919779830892 0.19907748953773632 0.0 0.0
804 2.7144689374122066 0.0 0.0 0.33242957812927176 0.0
805 0.0 0.0 0.0 0.0 0.5762517603615552
806 2.565696457360401 0.0 1.2946675118934547 0.05108614127492661 0.0
807 0.0 1.8476595802344762 1.5458984056249032 1.452415692797745 0.0
808 1.7999383772620146 0.0 0.0 0.3276360716567242 0.0
809 1.0467549878358855 0.0 0.0 0.17693345309151792 0.39504772635150964
810 2.1744778662880395 0.0 0.0 0.0 0.6119826408890514
811 0.0 0.5179442276160918 0.0 0.0 0.4638360921792214
812 0.0 0.0 0.15811095108700748 0.4311731197786656 2.9432760677459733
813 0.0 0.2533704574938307 0.0 0.0 0.8218501260371505
814 0.0185212851999816 0.4564624019794687 0.0 0.0 0.0
815 0.0 3.3219270820166744 0.5550715500667258 0.007886855592717172 0.0
816 1.0685698889258148 0.24574020977210276 0.08768244850947952 3.09958708077985 0.2657891936470129
817 0.0 0.0 0.0 0.2539935372672886 0.3567998450795891
818 0.0 2.3362851129885396 0.2101195873698229 0.02045637010715875 0.0
819 0.0 1.7696759339492676 0.0 0.0 0.0
820 0.0 0.0 2.2909238013493036 0.0 0.14184469646260117
821 0.0 1.7474564383159636 0.0 0.0 0.34239015207686163
822 0.0 0.5309027801847803 0.0 0.0 0.0
823 0.0 0.0 0.0 0.0 0.1440629400903888
824 0.8839566360856549 0.0 0.0 0.09848970860218519 0.8834896121941884
825 0.0 0.36876353284875873 2.1491284234333032 0.5159991914900836 0.0
826 0.0 0.0 0.29886077489797136 0.31767675543860496 2.1020003226542125
827 0.0 1.6516975383526495 0.0 0.0 0.0
828 0.0 1.0618055603695606 0.0 0.0 0.0
829 0.0 0.0 0.5986681481491343 1.0648264569643517 0.6071809170917148
830 0.0 0.0 2.1217521931409165 0.0 0.9629394002921554
831 0.0 1.3003537897190625 0.0 0.14101215727208197 0.0
832 0.0 0.0 1.0622758488989605 0.0 1.1997585318138546
833 0.0 1.0863473664318763 0.0 0.0 1.524756541416974
834 0.0 0.0 0.09953874476886816 0.0 0.0
835 0.0 0.0 0.0 0.0 2.160944101355832
836 0.0 0.991597121573047 0.7942260713073339 0.08730959409099177 0.0
837 0.29458359850037524 0.1820999980800887 0.005942673095209717 0.06169570429561123 0.5519629211188098
838 1.4690185933517186 0.0 1.0308367912494298 0.0 0.1251413527338942
839 0.2800429820019549 0.7778308825372944 0.0 3.882280284100177 0.0
840 2.680183062868088 0.0 0.6825939378408611 0.47988848019998476 0.5160064321384359
841 0.16074971930042034 0.0 0.7312798131464404 1.2686381789302108 0.5448270095362371
842 0.0 0.0 0.0 0.03591595066047028 0.21635185295816445
843 1.9407291153014699 0.0 0.0 1.1576046221047933 0.2155012879603791
844 0.0 0.0 0.0 0.0 0.1440629400903888
845 0.0 0.2791443947474022 3.559268663538214 0.46932115877561453 0.0
846 0.0 0.47855865073234166 3.0984752718899733 0.5009045008839393 0.8370996902337042
847 0.0 0.47685772572400376 0.0 0.0 0.8523030938114455
848 0.0 0.30536134980007634 0.0 1.7335788834829402 0.11177287294341713
849 0.0 1.0158285704078984 0.0 0.4166353441693609 0.0
850 1.236429314735334 0.0 0.28646077996250524 2.5753300191503055 0.4195406501559037
851 0.0 2.2266439231967134 0.0 1.2437870981939119 0.0
852 0.0 2.3660612217005528 0.260333566005108 0.17916272907679015 0.40182673621276577
853 0.0 0.0 0.0 0.45139848412189953 0.9707486255825291
854 0.0 0.4952331345942379 0.059087598311018896 1.4423455582774585 0.00048617850193193436
855 0.0 1.6125199213595307 0.26518604778367194 0.0 0.0
856 0.0 0.7223608054734274 0.0 0.3429564384570928 0.287691920305345
858 0.0 0.0 0.0 0.0 0.2881258801807776
859 0.0 0.674786736560597 0.0 0.0 0.5129854100832905
860 0.0 2.4968893106217402 0.0 0.7693463610203853 0.0
861 0.0 1.0542279269781878 0.0 0.2976186853565599 0.0
862 0.09181425206388152 1.9880268833819774 0.0 0.0 0.0
863 0.0 1.1537480418383952 2.548066252125258 0.16717326708851202 0.07544040091721912
864 0.8361816763284209 0.0 0.0 0.5172080830364512 0.0
865 0.0 0.0 1.2677453754026715 0.18496393400406846 0.9649404221682456
866 2.140861831232269 0.0 0.0 0.0 0.24828218830848545
867 0.0 0.0 0.0 0.0 0.1440629400903888
868 0.0 1.0032790499377295 0.0 2.8830166279394382 0.0
869 0.0 2.5336322645871907 0.7016701601353246 0.0 0.0
870 0.4817686513300831 0.0 0.11812406672863056 0.0 0.0
871 0.6545721973308102 0.0 0.3634259567895495 0.3021721460069875 1.2821837468343522
872 1.402729561334755 0.0 0.613384491888307 0.0 0.0
873 1.0433758574481526 0.0 0.42247560751706775 0.0 0.0
874 0.0 0.24877498320967634 0.0 0.0923364676125061 0.3604231293911748
875 0.0 0.0 0.0 0.0 0.1440629400903888
876 0.0 0.0 0.7027027041985223 0.3070837636630421 0.5302461434470448
877 0.0 1.7696759339492676 0.0 0.0 0.0
878 1.2145330750055185 0.0 0.0 1.266368370724574 1.1895546297601154
879 2.065134379490161 0.0 1.4726144139202988 0.0 0.0
880 0.0 0.23595679119323568 0.0 0.0 0.0
881 0.0 1.0618055603695606 0.0 0.0 0.0
882 0.3871850185958098 0.0 1.6092739551051582 0.0 0.33956013869735135
883 0.0 1.1058994160213511 0.5873363023812084 2.743809191666513 0.33002058462842476
884 0.0 0.0 0.0 0.2644917959974095 0.623946124441529
885 0.0 0.0 0.0 1.1205067487950426 0.2098620415487541
886 2.0958696296478276 0.0 0.0 0.09802152414357403 0.0
887 0.20409082652423002 0.0 2.1849101833265197 0.0 0.16759570422423656
888 0.0 1.1153447145991127 0.0 0.0 0.3014359323503349
889 2.1492899166271213 0.0 1.2748720364632788 0.4899522853125782 0.0
890 0.18437392226799132 0.0 0.0 0.0 0.6328023187169803
891 0.3709149198160135 0.000739506205781629 0.0 1.124198687500623 0.1653011353649886
892 0.0 0.23595679119323568 0.0 0.0 0.0
893 0.0 0.0 0.0 0.11845304813124323 1.059851236941376
894 1.0402375263668493 0.0 0.0 0.0 0.9059709596546439
895 0.0 2.3716608553564162 0.36752250442661694 6.348152688919161e-07 0.4469888023648241
896 0.0 2.7423240284621793 0.0 0.2531367090343418 0.0
897 1.4849137913472537 0.0 0.0 0.0 0.0
898 0.22276560000497558 0.0 0.0 0.9984112035773756 0.0
899 1.8916566175195846 0.0 0.0 0.39731631344561524 1.6907687865712022
900 0.0 1.850464127344357 0.3749362921971423 0.5668920962402716 0.0
901 0.8137222327318034 0.0 0.0 0.8104855920566467 0.035927563568788345
902 0.0801669897087149 0.0 0.0 0.0 0.1247959021298265
903 0.010255180890363343 0.7322355342461041 0.0 0.7527536471722092 0.0
904 0.0 0.10463030645403334 0.18366078193039506 0.0 0.7752259760701641
905 0.25814821870484495 0.2405976393074762 2.5760322369778494 0.17235462221651646 0.0
906 0.0 2.399182201889765 0.0 0.8166627671978074 0.0
907 0.0 2.3725587754951927 0.0 0.5608405320501075 0.0
908 2.199528252339294 0.0 0.1469862046417587 1.110163698220512 1.0109320886939896
910 0.0 0.0 0.0 0.0 0.8643776405423328
911 0.30437101378727405 0.0 0.0 0.0 1.252701248068642
912 0.0 0.0 0.0 0.2043173929717713 0.16794620654672995
913 0.0 0.4719135823864713 0.0 0.0 0.0
914 0.0 0.0 0.0 0.0 0.5762517603615552
915 0.29731306790221984 0.0 0.0 0.0 0.5467662087550204
916 0.0 0.0 0.0 0.0 1.5846923409942768
917 0.0853813504512786 0.7546203077077042 0.0 0.0 0.0
918 0.09878067339675256 1.4513124420925192 0.0 0.0 0.0
919 0.0 1.3488171124772217 0.0 0.0 0.019377417359736072
920 0.0 2.0275977238300382 0.0 1.6312166919345352 0.0
921 1.4739506863562641 0.0 0.0 0.1146884434109118 0.22533266249999878
922 0.0 0.46333184775294456 0.0 0.0 0.597210003031823
923 0.0 0.2949459889915446 0.0 0.0 0.0
924 0.0 0.43339845883809675 2.453920537077731 0.0 0.0
925 0.08678368330942332 1.1663748113859886 0.0 0.0 0.0
926 1.29368350914626 0.0 1.9613535932095985 0.0 0.0
927 0.0 0.0 0.0 0.0 2.44906998153661
928 0.06628122073901231 0.048557743336325745 0.0 0.3478964876186239 0.2036443093251934
929 2.1213054162103626 0.0 0.0 0.0 0.0
930 1.601775397383625 0.0 2.836828255460925 0.34945962381932905 0.0
931 0.7819858169561871 0.0 0.17210297571994715 0.1587266972525774 0.2895908412608524
932 0.7325208696021617 0.0 3.249030629042895e-06 0.0 1.8210254298392958
933 0.0 0.4092811201106203 0.10568641224852225 0.0 0.0
934 2.2700479670417257 0.0 0.2883087853484511 0.0 0.0
935 1.2884200041702094 0.0 0.0 1.065401489202468 0.0
936 0.0 3.347387996091444 0.6007199773096392 0.6646068461692618 0.0
937 0.0 0.5139242905317771 0.0 0.0 0.18552766971883614
938 0.41757168063171335 0.1640549294389493 0.8065783999270316 2.683676068306087 0.8619811339115689
939 0.0 0.0 0.0 0.0 0.5762517603615552
940 0.0 0.3629477086186738 0.0 0.0 0.6983043927897183
941 0.18533007716777364 0.0 0.4343890172881162 0.1048137177527612 1.5214575441435034
942 0.0 0.0 0.0 0.14417910345870963 0.0
943 0.4070245905882983 0.0 0.0 0.0 0.32324302723900494
944 1.2523057017519863 0.0 0.0 0.7417725288171774 0.0
945 0.0 1.1626245771923314 0.0 0.2862228236809032 0.19023676122950306
946 0.6653520098214791 0.0 0.0 0.0 0.5172486836988985
947 0.30478449227910087 0.0 1.64178897279032 0.2303763656557387 0.0
948 0.0 1.533719142756032 0.0 0.0 0.0
949 0.0 2.8399614760131944 1.0134939461131827 1.6345830893209352 0.0
950 0.0 0.0 1.3935424267641543 0.0 0.0
951 1.7103526600605905 0.0 0.0 0.8515066829104903 0.0
952 0.0 0.30071052636688544 0.24848028785550325 0.0 2.363490949642443
953 0.0 2.155074021708653 0.11313170306712803 1.1051381170875265 0.0
954 0.0 0.0 0.0 0.0 0.1440629400903888
955 0.0 1.356751549361105 0.0 0.0 0.0
956 0.0 0.21584928471993278 0.0 0.6313256335107672 0.08403888583158453
957 0.0 1.8286651317475764 0.0 0.0 0.0
959 0.0 1.415740747159414 0.0 0.0 0.0
960 0.0 1.0196576633449341 1.050134828244046 0.9720351818491495 0.24213713676449955
961 1.343493430266563 0.0 0.0 0.0 0.0
962 1.1789836514765857 0.0 1.1388160004253374 0.7126487662220431 0.0
963 0.0 0.0 0.0 0.792985069022903 0.0
964 0.0 0.7803603232195466 0.0 0.3157563546745207 0.2004023068107925
965 0.0 0.0 0.0 0.0 1.0084405806327217
966 0.0 0.0 0.0 1.7217029901567225 0.16094183269987034
967 0.0 0.17696759339492676 0.0 0.0 0.0
968 0.6870781360581327 0.0 0.5520608179150007 0.3414874256925339 0.0
969 1.6833110754048395 0.0 0.0 0.0 0.46016857433897596
970 0.0 1.7106867361509583 0.0 0.0 0.0
971 0.0 0.0 3.052029105426363 0.0 1.0571742149146441
972 2.3130928873563334 0.0 0.2668796133970339 0.1158142688180668 0.0
973 0.0 0.7126368016489935 0.5028357751445529 0.00017956764734246053 0.26868438485187335
974 0.0 0.07591471910288851 0.0 0.3879068062411619 0.6241054813536362
975 0.0 0.39312952015802904 0.14358641663568875 0.0 1.5692847749499292
976 1.0362748939236455 0.0 0.0 0.31308299835798825 0.2883828136276869
977 0.011732908970054063 0.4877568252582386 0.4154900506298794 1.069399117351629 1.2327498536892252
978 0.12525720233942378 0.2621132464097129 0.0 0.48914002654335664 0.0
979 0.31295619386286966 0.0 0.0 0.8080000158758212 2.7898966848055458
980 0.0 0.4719135823864713 0.0 0.0 0.0
981 0.6061809074341789 0.0 0.6787735792921469 0.0 0.23166147798347014
982 0.0 0.0 0.0 0.0 1.7287552810846654
983 0.8754556632607414 0.0 2.5500930715804557 0.0 0.0
984 0.0 0.0 0.0 0.21626865518806443 0.0
985 0.21311375027599186 0.0 0.0 0.1431767149673986 0.0
986 0.8283692380123627 0.0 0.0 2.032350685522094 0.30152072429651244
987 0.0 0.23061744488223235 0.28015925517867324 0.23616097697794886 0.0
988 0.5303947258672002 0.0 0.0 0.0 3.0972139131244814
989 1.4691200024888589 0.0 0.0 0.11542479621950905 1.0980806838917352
991 0.0 1.3086711974511351 1.24268729408228 0.0 0.19169191882152314
992 0.0 2.3975563045645547 0.39000431600740815 0.03156768006972572 0.0
993 0.0 0.7189136013130918 0.0 1.4282953206825466 0.0
994 0.0374603353044981 1.212510251827208 0.0 0.13808339656017085 0.0
995 1.555623971887599 0.0 0.0 0.0 0.0
996 0.04839043489025386 0.13979359124935156 0.0 0.303296218191885 0.25047065886699127
997 0.9458803826804874 0.0 0.0 0.8298144358028647 1.1686751122081267
998 0.0 1.951709861293388 1.0059647905821023 1.9325659349719204 0.0
999 0.0 0.29494598899154456 0.0 0.0 0.0
1000 1.7393860209592065 0.0 1.234399273665342 0.0 0.0
1001 0.0 0.0 0.0 0.0 0.1440629400903888
1002 0.0 0.17696759339492674 0.0 0.0 0.0
1003 0.0 0.0 0.0011477046074313086 0.0 1.583031262180336
1004 2.229147168511296 0.0 0.0 1.0380909855287441 0.7310987619298799
1005 0.0 2.418557109730666 0.0 0.0 0.0
1006 1.171605064307931 0.0 2.197015883320892 1.273845194765106 0.38732794670400184
1007 1.407757159179717 0.042439681841329735 0.0 0.09888659849988027 0.0
1008 0.15203175937578073 0.0 0.0 0.42640485217217133 1.4312650701277563
1009 2.2816550219683234 0.0 0.0 0.0 1.5461264284049023
1010 0.0 0.0 0.20234577495237419 0.20018897107345637 1.035843832062766
1011 2.3321849549198124 0.0 0.0 0.7942604757383047 0.0
1012 0.0 2.064621922940812 0.0 0.0 0.0
1013 0.0 1.2315658818273056 0.0 0.0 0.16166448111916162
1014 0.0 0.7685119492744426 0.0 0.0 0.5722163364740582
1015 0.0 0.849622233413574 0.0 0.5476633254070742 0.0
1016 0.0 0.2588769913515083 0.0 0.0 0.37621329347131544
1017 1.0924923143668326 0.0 2.34410925008162 0.0 0.0
1018 0.30676399728511805 0.07998906702442203 1.9683407434440567 0.5429105486941649 0.0
1019 0.0 0.17696759339492676 0.0 0.0 0.0
1020 1.6585697763179637 0.0 1.2542436508188968 0.11957903445035009 0.6172812004992652
1021 0.07377392380953317 0.0 0.0 0.0 0.1378209554190374
1022 0.0 0.6023191556360772 0.0 0.5229996802691452 0.5091861771494345
1023 0.9637363313748768 0.0 1.8285878769709638 0.0 0.0
1024 0.0 0.8848379669746337 0.0 0.0 0.0
1025 0.6555667492438548 0.0 0.0 2.4314955777551184 0.0
1027 1.2727832497262177 0.0 0.0 0.0 0.0
1028 0.0 2.0056327251425037 0.0 0.0 0.0
1029 0.0 2.346698090365412 0.6054059012427682 0.00980846379137423 0.0
1030 1.949323496489864 0.0 0.04302151630698948 0.0 0.0
1031 0.0 3.166851865429018 0.15723580769775763 0.8459760255468338 0.0
1032 0.0 2.601467574884901 0.0 0.8578119527197405 0.0
1033 0.0 0.1976956357594443 0.16410085999389215 0.0 0.0
1035 0.0 0.7668595713780159 0.0 0.0 0.0
1036 0.0 2.9973837701144936 0.11821043154218637 0.0 0.0
1037 1.727947430352252 0.0 0.653268912870844 0.0 0.0
1038 0.0 2.3724211180682935 0.8419835911891903 0.23957205999981102 0.0
1039 0.0 2.0056327251425032 0.0 0.0 0.0
1040 0.0 0.7127643197952374 0.18478999764330512 0.0 2.3137334466289756
1042 0.18096091250924512 0.0 0.0 0.3645734808304405 0.48744815277721254
1043 1.9057318625612099 0.0 1.4979279007152129 0.0 0.0
1044 0.0 3.030830392737946 0.0 0.26100644919681876 0.0
1045 1.4654481390439358 0.0 0.0 0.0 1.1921622951762914
1046 0.6790165013867534 0.0 0.0 0.8615632600013232 1.072677855289755
1047 1.806006307740192 0.0 0.0 0.0 1.7948850876627405
1048 0.0 2.5955247031255926 0.0 0.0 0.0
1050 0.0 1.0618055603695606 0.0 0.0 0.0
1051 0.0 0.0 0.0 0.0 0.5762517603615552
1052 0.44209143928300587 0.0 0.0 0.0 0.8280505728628824
1053 0.3539046056615649 0.0 0.10682632045177545 0.0 0.9971726101601579
1054 0.9471041358094303 0.0 0.05253036085859759 0.3208630961002772 1.6750481561342063
1055 1.2000569644206465 0.1645283314758902 0.33991033856330366 2.027787541293014 0.24430209734762146
1056 2.6869868605331257 0.0 0.0 0.0 0.0
1058 0.0 0.33015563560776007 1.8702592728397136 0.0 0.5206229908479342
1059 0.0 0.6382181516739588 0.0 1.3106430055737937 0.0
1060 0.0 1.3004024518957262 0.29416131233763226 0.0 0.0
1061 0.772031004581214 0.0 0.4650458681357165 0.38998626737844455 0.0
1062 2.078257350560513 0.0 0.3209130193725343 2.728037845154621 0.07814659777976436
1063 0.4418352964547816 0.0 0.0 0.11643837506786907 0.01963154657977169
1064 0.6489762530087096 0.0 0.0 0.5103036376641678 0.3952048478896039
1065 0.0 2.1553158887827415 0.7565988247039162 2.0085219039995987 0.0
1066 0.0 0.0 0.0 0.07208955172935481 0.0
1067 0.83260834348236 0.0 0.22438594146519922 0.0 0.7161080240678879
1068 0.0 0.0 0.25346846775419335 0.0 1.0737831766555832
1070 0.0 0.1626199920675626 1.0758169456012925 1.3289854620623005 0.0
1071 1.6782986399506925 0.0 0.0 0.7730350110361226 0.798374618964528
1072 0.0 0.8399294543068347 0.0 0.0 1.2621787258705022
1073 0.0 0.5309027801847803 0.0 0.0 0.0
1074 0.0 0.0 1.4394481551816436 0.0 0.6538751023017894
1075 0.0 0.7466193468152553 0.0 2.187421736797377 0.0
1076 0.0 1.1207947581678694 0.0 0.0 0.0
1077 0.0 0.023914267190035813 0.0 0.0 0.3737855910344663
1078 0.0 0.16216480656016846 0.17481840746203675 0.0 3.52877210298298
1079 0.0 2.6861975739469193 0.14561425965687705 0.0 0.0
1081 0.0 0.5410211930452755 0.764618281834062 0.1266904914455649 1.6407978055619543
1082 2.2627257772910534 0.0 0.0 0.0 0.0
1083 0.0 0.0 0.0 0.5046268621054837 0.0
1084 1.5556239718875993 0.0 0.0 0.0 0.0
1085 2.4422785343674382 0.0 0.3107578852043568 0.13399997529811253 0.7894569454310636
1086 0.15667409218864145 0.0 0.0 0.0 0.8333001162881591
1087 0.8790251401875205 0.0 0.95244840141628 0.0 0.0
1088 0.0 0.16159011707793983 0.21461636280574797 0.0 0.5913170165715731
1089 0.0 1.5337191427560317 0.0 0.0 0.0
1090 0.0 0.648881175781398 0.0 0.0 0.0
1091 0.0 0.8691522026596958 0.4418818640334536 1.1120140655639249e-07 1.127524798056583
1092 0.0 0.0 0.0 0.0 0.2881258801807776
1093 0.0 1.8958065910830135 1.0811700148738541 0.0 0.0
1094 0.0 0.0 0.0 0.0 0.1440629400903888
1095 0.6309691630136764 0.0 1.4145068359948265 1.1437778857487175 0.0
1096 0.0 1.6516975383526495 0.0 0.0 0.0
1097 0.0 0.04065948768639479 0.13046841332878656 0.0 0.0
1098 1.8733337769759715 0.0 0.25429879817069834 0.0 1.289666023025151
1099 0.0 2.2415895163357393 0.0 0.0 0.0
1100 0.0 0.0 0.0 0.0 0.28812588018077756
1101 0.0 0.572423153723393 0.0712730607212137 0.4603904707647737 1.6126021936587216
1102 1.0052775379568306 0.0 0.0 0.6037245693138205 1.4994764299383831
1103 0.0 0.21208043100125717 0.5968025478337593 1.3271021308479751 0.0
1104 0.0 1.5927083405543407 0.0 0.0 0.0
1105 0.0 1.160728174202212 0.0 0.16269095760706254 0.4417328170925833
1106 0.0 0.0 0.27803830848996397 0.0 0.31790841863844893
1107 1.288742119955189 0.0 1.868770843655776 0.0 0.0
1108 0.1203446243507931 0.0 0.06385887972038697 0.0 1.103019349182856
1109 0.0 1.3900103043327743 0.0 0.21638378346628198 0.20667154768472018
1110 0.0 0.0 0.10116595538694022 0.0 0.28577080983776604
1111 1.4171899648607167 0.0 2.384725982853636 0.0 0.0
1112 0.0 0.6519720705652778 1.2439227916666065 0.46503037635948075 0.0
1113 0.0 0.5305367134100152 2.070452300842737 1.2403540412892247 0.0
1114 0.15070310338329118 0.10740020412014717 0.0 0.3639113363904849 0.0
1115 0.0 0.0 0.09953874476886816 0.0 0.0
1116 0.0 0.6888852431951235 0.0 0.0 0.046365331336662055
1117 0.13470624055976727 0.14428794610206158 0.0 0.19453065382090595 0.2809930450917446
1118 0.0 1.474729944957723 0.0 0.0 0.0
1119 0.0 2.5955247031255935 0.0 0.0 0.0
1120 0.0 2.202671022394187 0.7160186715567554 0.0 0.35531536445292206
1121 0.17486821208777803 0.0 0.0 0.0 1.2284207465901158
1122 0.0 0.33504687867033006 0.061177119574569845 0.0 0.3897757315067953
1123 0.24095232743371434 0.0 0.0 0.0 0.6615940018043037
1124 0.0 1.7696759339492676 0.0 0.0 0.0
1125 0.0 1.7227891657675676 1.0745044763187797 0.0 0.0
1126 0.0 0.0 0.0 0.0 0.1440629400903888
1127 0.0 0.31794787818999637 0.45888019079792064 0.0 0.0
1128 0.0 5.063062235521896e-07 1.3814879232996748 1.0694783187442247 1.7699113852801416
1129 0.0 1.1207947581678694 0.0 0.0 0.0
1130 1.7677545135086354 0.0 0.0 0.0 0.0
1131 0.0 0.4357825313365645 0.0 0.0 0.5204277798956474
1132 0.0 1.5927083405543407 0.0 0.0 0.0
1133 0.17572385771285107 0.0 0.0 0.0 1.9469921786260898
1134 0.0 1.4425673824674756 0.5316309844222773 0.7816128710106456 0.3402815276441783
1136 0.0 0.9356437852083286 0.0 0.37005323728347816 0.577041664279329
1137 1.4105557977096286 0.0 0.0 0.08691034778894768 1.7065695230092932
1138 0.0 1.7696759339492674 0.0 0.0 0.0
1139 0.0 0.0 0.1409494926928306 0.0 0.22819189054567976
1140 0.0 1.959518935418736 0.27689018943803734 0.0 0.0
1141 0.0 0.4129243845881624 0.0 0.0 0.0
1142 0.0 0.0 0.0 0.0 0.43218882027116645
1143 0.0 1.0618055603695604 0.0 0.0 0.0
1144 0.0 1.356751549361105 0.0 0.0 0.0
1145 0.0 2.3005787141340486 0.0 0.0 0.0
1146 0.0 2.7190079014683493 0.1586927299552598 1.1992879504348775 0.09743187121521223
1147 0.40263820186868654 0.534823302227498 0.873359773195039 0.17771989171103864 0.0
1148 1.612508680756081 0.0 0.31807835539777707 0.0 0.0
1149 0.0 1.4570008020028749 0.0 0.0 0.1873609091200918
1150 0.0 0.0 0.0 0.0 1.1525035207231102
1152 0.0 2.8840126965218893 0.0 0.5125190529625867 0.0
1153 0.0 0.05898919779830892 0.0 0.0 0.0
1154 0.0 1.1797839559661782 0.0 0.0 0.0
1155 0.12516305373712827 0.308508470535629 0.0 0.0 0.0
1156 0.0 1.4180909540136033 0.7108800354237237 0.08231573995326931 0.3855934948447685
1157 0.0 0.0 0.0 0.0 0.2881258801807776
