# Max Likelihood=  -68971.3259163048  N_real= 1
0 0.0 0.0 0.0 0.0
1 0.0 0.0 0.0 0.0
2 0.0 0.0 0.0 0.0
3 0.0 0.0 0.0 0.0
4 0.0 0.0 0.0 0.0
5 0.0 0.0 0.0 0.0
6 0.0 0.0 0.0 0.0
7 0.0 0.0 0.0 0.0
8 0.0 0.0 0.0 0.0
9 0.0 0.0 0.0 0.0
10 0.0 0.0 0.0 0.0
11 0.0 0.0 0.0 0.0
12 0.0 0.0 0.0 0.0
13 0.0 0.0 0.0 0.0
14 0.0 0.0 0.0 0.0
15 0.8395960236015791 0.0 1.7607124518838857 2.128475569207602
16 0.9873455114498452 0.45452741507473204 0.3718034529337929 1.7176354678923298
17 0.6932654358607994 0.7226611932757472 0.0 0.7873614992061586
18 0.0 0.09808199690656041 0.41082572277856355 2.1357596228235
19 0.18635354860855052 0.0 2.134964372793557 0.6220086190091019
20 1.2337032230894267 0.20605765230802295 0.24702450076592242 1.0771409613709433
21 1.1799049082489397 0.0698944440105111 0.0 2.0152543621356656
22 0.46459790947036694 0.0 1.3377898145845917 1.2875198800587768
23 1.5120225680816248 0.0 2.126189281893568 0.0
24 0.16854941400020934 0.0 2.420309479493094 0.0
25 1.7141920014039709 0.0 0.803496573004674 0.31833337548012186
26 0.8501020992242208 0.0 0.39166865140624596 0.5132547626301759
27 0.7979852533174967 1.1982886669408899 0.0 1.2504546989010386
28 1.0395668767741502 0.7807518767679786 0.10635572257379218 0.9401975665541349
29 0.0 0.7780866036432013 0.2124656129583063 1.7239912142738696
30 0.0 0.7926141442019655 0.04261269862823945 0.9548352598949021
31 0.39345110112445364 0.2898114316573148 0.0 0.5116193493106356
32 0.0 1.4181688476231455 0.0 2.774818216996204
33 0.7609673640100898 1.6365212139697514 0.0 0.5797455376316852
34 0.8610965435086259 1.9948007808269077 0.0 2.1726291371468136
35 1.4198949826484606 0.0 0.8005917706927344 0.0
36 0.5165682803418057 0.0 1.5426396009816885 0.0
37 0.0 2.5784174223794984 0.0 0.3867167904289872
38 0.0 0.3286551853063908 0.0 0.0
39 0.4080470546339254 0.0 1.2303002964018512 2.810240248385088
40 0.0 2.238776086569538 0.0 1.4026826668669754
41 0.0 2.315110536806507 0.0 2.2626778575256683
42 1.0896057303953697 0.6772698026172088 0.0 1.7041413370869103
43 0.0 3.251462821168125 0.0 1.2414824943456593
44 0.13046429846171 3.738543599688125 0.0 2.06433679920813
45 0.0 1.5416241393869456 0.0 1.309314754964942
46 0.15871697642016372 3.3685017721134485 0.0 0.9343289020044883
47 0.33864892089407117 3.592886610989871 0.0 1.0955308235174255
48 1.2747890769816923 0.0 0.0 0.3665296803443756
49 0.0 3.2317496579840492 0.0 1.1276022737580609
50 0.9972926647586149 0.43415085477364324 0.386787027352151 0.9066278361453348
51 1.586362863101395 0.0 0.5560988570275813 0.0
52 0.5136011975019139 0.5816520488977626 0.17339767787171323 1.5593386766658583
53 1.642478912091259 0.4928551542919426 0.0 1.371574687340851
54 1.1363410249508514 0.42945841679627395 0.34253010357133196 2.2012841401066137
55 0.0 0.0 2.0718023395602354 0.4419257073778576
56 0.37836376454166765 1.4083079249136996 0.18352772681555113 2.8756052662986997
57 1.071296979561429 0.0 0.004215803753282817 0.0
58 1.0271899732239738 0.0 1.4791419012143159 0.0
59 0.26363123025010965 1.9286203748169712 0.0 0.0
60 0.0 2.3900930214078224 0.0 0.645617652027532
61 2.203430063477406 0.26692314257671157 0.0 0.0
62 0.0 3.009624273640548 0.0 2.02381089830722
63 1.6181642968065482 0.0 1.079467755344743 0.0
64 0.0 2.7120568873366837 0.0 0.9873599885386102
65 0.6328842622310286 2.1997778807964883 0.0 0.8272124169782529
66 0.0 1.6483997753393849 0.0 0.664625224028706
67 1.3698695415692703 0.0 1.7237782631522918 0.0
68 0.7736930440750538 0.0 1.508902491719005 0.0
69 0.7268461257228993 0.0 2.2425293350158606 0.0
70 0.0 1.4004197725170857 0.0 1.1182888167826026
71 1.592171231285954 0.0 0.7978330620877874 0.0
72 0.5985953575460627 0.0 1.1426025622478495 0.0
73 2.15898380010859 0.0 0.1765421074431088 0.0
74 0.5847809609923518 0.0 1.0292728215811513 0.6076371231136204
75 0.016024326737246415 0.3802300561188836 0.588845125350238 0.4312835485722454
76 1.283485911119561 0.0 1.3222628610529208 0.0
77 0.0 2.3608912192211227 0.0 1.3452231964387469
78 0.06922389142236701 0.5250185022899553 0.0 1.5265336192523082
79 0.7266203701330716 1.427497707949699 0.0 1.1683375200725905
80 0.0 0.0 2.3569579449595848 0.0
81 0.0 1.4244580138574214 0.07870254046737996 1.4107046756389063
82 0.0 1.6541528440261875 0.0 0.45780839210627516
83 0.1936990148092793 0.0 1.2312361694561063 0.85247125215745
84 0.0 1.9207795869756792 1.870535729088703e-05 2.128631970504211
85 0.06728394046173279 0.0 1.0742452523756738 0.43482833604703053
86 0.0 0.8776793475155465 0.5711324519870733 1.2351535441729098
87 1.2576268074267913 0.0 0.8544057031834811 0.0
88 0.13457094539476874 3.4217259374296134 0.0 0.707718639544868
89 0.0 0.8930733955753034 0.1604869751516384 0.6581759592293714
90 1.5752330957224339 0.0 0.1682934852690449 1.7716824223795906
91 1.8826610053009065 0.1794122531689746 0.0 0.0
92 0.0 0.04160994204498185 0.6380474853245628 0.27330156295175945
93 0.5631115860465288 0.0 1.863774105955112 0.0
94 0.22064908018765506 0.0 1.4948494007220456 0.0
95 1.613280194301129 0.20589149191205394 0.4348335192182188 0.09023371061086737
96 1.1589291028561526 0.0 0.7765139703565864 0.0
97 0.0 3.3153537583132557 0.0 1.7122504467353252
98 0.7942967931355489 0.3586112554428525 0.5661010198317793 2.503917271587227
99 0.05658622118822139 0.0 0.0 0.2009543451366127
100 0.0 2.526236605138375 0.0 0.37290813664282985
101 0.5632638802508911 0.015171330965148003 0.6557431899411468 1.4899368754127993
102 0.2710020131794735 1.0904268068118816 0.24528714513296684 0.24563118722288202
103 0.42131365783813324 0.0 2.3293267862306015 0.0
104 0.0 2.4795674421220255 0.0 0.6214214272483964
105 0.18028403341453259 2.803373806161696 0.0 2.4224905084556605
106 2.3135513505725505 0.2704679753049686 0.0 0.0
107 1.8157025842541e-05 0.35330313910329275 0.5628533051963459 1.0416189861933116
108 0.3121938123746976 0.0 0.656159871441116 1.1992915619423299
109 0.0 0.19618006758657605 0.588358189364031 2.513909615845582
110 0.0 0.0 2.574613826981529 0.9036801362523177
111 0.0 1.013305946034443 0.14326624318675646 1.9609262527031128
112 0.6834512742725752 1.5012711636569995 0.0 0.5413966658896019
113 0.0 1.7344741748404715 0.0 0.7108785463603801
114 0.6913852857185155 3.1875670278519266 0.0 1.626903845788032
115 0.9284825375725608 0.0 1.3974499129493259 2.214610067426735
116 0.5469059790886124 1.2350523162719047 0.0 0.706390743261769
117 0.38446153272268285 0.0 2.213050042353922 0.7720602128212177
118 0.16971558342993703 0.0 1.4266278800971237 0.0
119 0.35774440239137517 2.1900032009785306 0.0 1.4977958406192018
120 0.17262343870441646 1.8061887248581499 0.0 1.5721914684457297
121 0.0 2.3703367979074748 0.0 0.263842594432307
122 0.4098816583228666 0.0 2.5899583924703533 0.0
123 1.6066911134527866 0.0 0.3477411585030514 0.0
124 1.5265462179552145 0.0 1.179891575851215 0.0
125 1.332148708032744 0.0 0.7106960267593975 0.0
126 0.0 0.0 2.046831899570165 0.0
127 0.0 2.1039842411098455 0.0 0.9371831871075036
128 1.6917028230164788 0.4516043171614983 0.0 0.8864503334302682
129 0.9698438739468986 0.0 0.921747648678213 0.0
130 0.12958788783774497 0.0 0.664284674202899 0.0
131 0.0 0.0 0.0620252090778838 0.0
132 0.13829163789823562 0.0 1.8952485571124638 0.0
133 0.30832368826513745 0.0 1.0123309784372403 1.6900235118465856
134 1.791741414418898 0.0 0.20693021949880558 0.0
135 1.9843497996957553 0.0 0.8021372705687908 0.0
136 0.6733924424242571 1.3691201162669495 0.0 1.4248068342331743
137 1.4298313419809652 0.0 0.9137508104371034 0.0
138 0.0 0.11704591882046134 0.07102651601212069 0.7418015387790595
139 1.409386126471314 0.6594523801297658 0.0 0.33898588712562305
140 0.34932369884869585 0.0 3.1665665021029668 0.3867583757326204
141 1.6388016639214613 0.0 0.3125443480366063 0.0
142 1.1986009087017688 0.0 0.17480228348008958 0.0
143 0.0 0.0 0.03811464802269013 0.09280710404793444
144 1.1859731822059372 0.0 0.8709210058477548 0.0
145 0.6369902664978649 1.4974108384235065 0.0 1.7390687448054503
146 0.00017424621921318469 0.1872942248387451 0.32641165346291845 1.5329412593218272
147 0.0 0.0 0.16907429007739141 0.28629946480096957
148 0.1707389727623457 0.7566179607490854 0.0 1.2373324478980188
149 0.9618155051425326 0.0 1.0580937820749514 0.19717881438494406
150 0.8630812466203053 0.4835487334493662 0.2885974052158313 0.786278984726975
151 0.04220520881266275 0.0 2.465598187217236 1.2393905309283197
152 1.0481363713313652 0.43805854832696983 0.5413880438311781 2.0821745073374127
153 0.0 1.2488897041642848 0.0 0.0
154 0.3178313841553929 0.26941825509908 0.4130886835563119 0.9796142258672198
155 0.6219480158658437 0.0 2.0473835324761827 0.0
156 0.047503462982700535 0.0 2.3463175041893076 0.6251054469561097
157 0.0 0.0 1.5103538810626067 0.4454048780713228
158 0.5263233272675127 1.7264530746283893 0.0 1.7036456624934422
159 0.1484182876008264 1.0585727196489816 0.0 0.6881022785466755
160 0.9703175780924446 1.1077312394684116 0.0 0.0
161 0.0 0.0 1.3025293906355597 0.0
162 0.0 0.0 1.3042991122387193 0.26602749189984143
163 1.06777758749871 0.0 0.8856851145483859 0.3249243496149244
164 2.606493702821176 0.0 0.4923481433997955 0.0
165 0.0 0.0 2.7291091994268877 0.0
166 0.6846704987483734 0.0 0.03842667634677836 0.2867563654406683
167 1.0377599937894433 0.0 0.0 0.7810840352928343
168 0.00021427878945049872 0.0 0.0 1.0045165405272725
169 2.016821660336422 0.42641755316931945 0.0 0.46027086958924956
170 0.0 0.0 1.319349663163973 0.651681592606633
171 0.0 3.2195289615980225 0.0 0.9391020080920145
172 1.6508807115478517 0.8857466329102761 0.0 0.693305448281337
173 0.0 0.051588456034986414 0.2614460775289967 0.0
174 0.11227037653033708 0.0 2.3031466508810072 0.4610905062699137
175 1.2951420590906917 0.0 1.3094863989580416 0.0
176 0.11280940170043056 0.0 2.979710550391342 0.1316992706970146
177 0.0 1.1206224255840214 0.0 0.3986523502083691
178 0.7471573467379546 0.0 1.2168171610335445 0.8157447597464409
179 1.1047145159544178 0.5716828869306336 0.0 1.5929028591972219
180 2.1541728031091627 0.07183358234311304 0.20341378313204733 0.1714098519877555
181 0.40840494175171643 0.0 2.1574005780142915 0.0
182 1.6949433839441503 0.0 0.2510066462514414 0.0
183 0.0 0.05025193280139326 0.44878287660333854 0.0
184 0.8331852144280545 0.17764549644722244 0.4047316550413531 1.9457714525342253
185 1.2697899926255851 0.25028137196026445 0.3568017915361653 0.0
186 1.205040174514624 0.0 1.4082482983277553 0.0
187 0.8147443968405356 0.0 1.7389570158595782 1.243603335836551
188 0.31782268205816666 2.654443854776321 0.0 0.0
189 0.0 2.6262967642324044 0.0 0.3379242790209825
190 1.7169052096065769 0.1636334383265444 1.7472066321183215 0.0
191 0.7322185103073875 0.0 1.9265145459203017 0.0
192 0.7765205840453795 0.0 1.7539040230678635 0.0
193 1.8317135281161803 0.4774219632195602 0.0 1.163294296506759
194 0.0 1.6224689001762156 0.0 0.35612726260054406
195 1.4859367240263541 0.0 1.286429402747554 0.0
196 0.0 0.5928915400254445 0.0 0.8694636021164367
197 0.0 0.5499658519089082 0.0 0.9801926618241195
198 1.7445866893992186 0.33892129506276103 0.0 0.2018493221868501
199 0.0 2.1772300687733708 0.0 0.6615863535207511
200 0.6983253413182342 0.6740567809212019 0.0 0.6299491690425347
201 1.3280886432512067 0.49211169495283086 0.0 0.2038465869732327
202 2.0390260509786144 0.1946403637634106 0.3724634614388082 0.0
203 1.603153049055879 1.204734445849469 0.0 0.6256858270897738
204 0.0 1.8613553190634866 0.0 0.5815774858741769
205 0.33929409305559766 0.7151918949566567 5.946347158786935e-07 0.07524935074770459
206 3.5035241370593815e-06 0.0 2.1708784774655445 0.0
207 1.515692011383662 0.5752769972157596 0.0 0.8348037192192221
208 0.8999077416370911 0.0 1.8667585202054422 0.0
209 0.4766525602424368 1.5945478030392504 0.08754766624354701 0.79754674321154
210 0.0 0.24982443598534554 0.43922093772161064 0.14187108826560532
211 0.5059615517547309 0.0 0.8099632713027918 0.0
212 0.007364478112220074 0.0 1.5381416219487873 0.07175410291832766
213 0.0337955383328683 0.0 0.7130039531603958 0.9985656223343451
214 0.6074942245407339 0.0 2.6214534111474856 0.0
215 0.8441096387289474 0.0 1.346932727716906 1.0293500271045803
216 2.176107767894631 0.16719873490994788 0.0 0.0
217 0.29167715948912754 0.0 2.7195239489933063 0.0
218 1.590446434807954 0.0 0.9273992975340901 1.134824438795578
219 1.0837732713132806 0.2894476522438713 0.08715224567952981 0.9403886471131906
220 1.7952131437949879 0.0 0.0 0.4873051747954481
221 0.6770606238559029 1.428971977927976 0.0 1.3594712215205398
222 1.5607298708789785 0.0 1.0803972005507783 0.0
223 0.0 0.0 0.30608419308713425 0.5402424717339336
224 0.0 0.14324385435068787 0.0 0.8587943494268808
225 0.603658533297304 0.3932490870896627 0.3984528980371227 0.12896954319762743
226 0.8613713821128766 0.0 1.8305222063190518 0.5536442002321997
227 0.0 2.3602908628148356 0.0 0.4080494879850306
228 2.500239700743008 0.0 0.1453960123000597 0.9693658067071453
229 0.04911790324533891 0.0 0.42303419873556014 0.1548435327509116
230 0.0 0.0 1.1036951015340324 0.14774819036117962
231 0.0 0.0 1.79873106325863 0.0
232 1.5620069784255328 0.5104211341620511 0.0 1.7838563507589322
233 1.5732388705462208 0.0 0.6945346616617941 0.0
234 1.3114432587871505 0.0 1.105542805348303 0.0
235 0.9967172329627036 0.0 0.7062157676566132 0.0
236 0.0 1.1831586671030065 0.0 0.0
237 1.2789020567082696 0.9336200798097538 0.0 0.9508821713589838
238 0.0 0.8859779671397396 0.0 1.4415881757873066
239 0.0 2.6308607233292665 0.0 0.1323192357528472
240 0.0 0.0 0.1143355770254713 0.9482771446651252
241 0.34289627758000885 0.8681350749107243 0.05871536077384792 2.263164007876476
242 1.491910213886818 0.0 1.3241413620258309 1.4258644198295016
243 1.3765708135402703 2.122753693505041 0.0 1.097115847138302
244 0.0 0.0 0.0 0.06698467964587852
245 0.0 0.5023242263519119 0.0 0.6938195249084077
246 0.4238327449923811 1.7923698570500615 0.0 1.355887630069489
247 0.9168817625269174 0.0 2.220304319848932 0.0
248 0.0 0.7560597003976492 0.19410811800045466 1.2973708048538461
249 0.0 1.7332851432731435 0.0 0.10922813869108622
250 0.0 1.2436447546000502 0.10514926564816955 2.1692672003346933
251 1.7014955172879884 0.0 0.3678751820636186 0.0
252 1.641007915799741 0.0 0.0 0.0
253 0.0 0.0 0.9303781361682569 0.0
254 0.08981957645530703 1.6610347408665942 0.0 0.7463787067826024
255 0.22623398600871658 0.9079956846314257 0.0 1.1513443130575507
256 0.3811120542333761 3.2280735209178526 0.0 1.0821122831227648
257 1.211004787146936 0.0 1.2156347781816148 0.0
258 0.0 1.4142659194441858 0.0 0.30036243612602587
259 0.27233698243587234 0.304112941825113 0.4559726273175663 0.9517992795867413
260 0.0 0.21285145938998842 0.5744812836252862 0.636335720583781
261 0.0 2.716174277760943 0.0 0.5142713124548359
262 0.613910465947676 0.0 1.3337846395284494 0.5122333036739315
263 1.7557986834234849 0.0 1.0526552530984596 0.0
264 1.1352370444310567 1.378294009809823 0.0 0.6677918436474812
265 0.0 1.1625627393998548 0.15118902694685735 0.5945422729487034
266 1.8204053831274827 0.3831906583096169 0.0 0.0
267 0.19854430318669666 3.1002430385364548 0.0 2.0983435602115548
268 0.0 1.5057075528397748 0.0 0.4751155183169609
269 0.0 0.0 1.088021919682282 0.09768990372516258
270 0.56572740302216 1.5777044885597702 0.0 0.0
271 0.0 0.3823647066766529 0.17247599008762327 0.9647233586307866
272 0.0 0.06158355547848777 0.12448348889583774 0.0707435646533201
273 0.3090259830856201 0.0 0.5966009509036825 1.4683167323679727
274 0.0 0.0 1.590431211545936 0.29193996870807976
275 0.0 0.6076562691108741 0.2785153546815271 1.2234789221333517
276 0.0 3.4592254541150536 0.0 1.431665426345624
277 0.0 0.0 0.6822772998567218 0.0
278 1.048321073471232 0.0 0.9597781426258943 0.0
279 0.3373242425576384 0.602046140529491 0.34199979147113724 2.4359422942944047
280 0.13422480966424216 0.0 0.0 0.5779418279254289
281 1.1322291705596141 0.0 0.5576792924506802 0.0
282 2.122365158801524 0.046728562098745666 0.5023834212395155 0.4476487267076792
283 0.0 0.4943122394846057 0.0 0.7689689985028917
284 0.7848781835952849 2.8854011984206203 0.0 1.1543129434135708
285 1.2732092929742014 0.0 1.260321398852683 0.07905926202507667
286 0.41273859850740846 0.0 2.3104841994579397 0.9013008478840566
287 0.10832775079943237 0.0 1.8038216226733312 0.20119199695864642
288 0.0 1.7011772547908015 0.0 0.2759177580038471
289 0.6947909270888171 0.0 1.099186501104875 0.0
290 0.3759075722016908 1.0038439415718028 0.0 1.6803069084749254
291 1.8504392657227078 0.0 0.33270207956995845 0.12961092053873152
292 0.527710381988237 1.6081915645432043 0.0 3.028244989483631
293 0.28176714313901696 0.6042725499983457 0.0 0.18939811444858232
294 0.0 0.0 1.4660115050923022 0.15836942561859418
295 0.826375189294682 0.0 1.4719704803580653 1.8530931927134273
296 0.663037456761191 0.0 2.2504456745810706 0.0
297 0.0 1.8982387678057298 0.0 1.012883342158228
298 0.0 0.32865518530639076 0.0 0.0
299 0.0 0.0598247029255441 0.25367417922579993 0.0
300 1.8517921021663626 0.21591115951743003 0.49559634977395856 0.0
301 0.2027312001130596 0.0 0.6000072084318471 0.6526798638341861
302 0.1171370736421781 0.0 2.081597810887236 0.7615778484033637
303 2.5465390136243955 0.1312908304112539 0.0 0.0
304 0.5684599859044064 0.46895754294472525 0.0 0.6577658353944329
305 1.260002623709259 0.5819983234821586 0.5288830137958735 0.6934258912321705
306 0.5397476454743877 0.0 1.3931819659020035 0.0
307 0.0 1.7433663970521545 0.0 0.6348320493019106
308 0.4390186252694376 0.39534252432786166 0.6210098373610105 1.4210711679779364
309 0.07845931693678004 1.0712378098912048 0.22711594189238088 0.11082613210975584
310 0.4545496304404733 0.0 1.2384678309549115 0.0
311 0.07976745192020718 0.0 1.6430765870153825 0.4085985097306218
313 0.0 0.03972427534119295 1.2030195077466126 0.0
314 1.2697616478323326 0.0 0.6550289125764065 0.0
315 1.9805267949307224 0.0 0.0 0.0
316 1.1770268842275728 0.529599656350058 0.0 1.5501883934076934
317 0.6997292372849793 0.18055040110561074 0.4272006687105405 0.0
318 0.5491528256839164 0.7424540891263559 0.0 0.0
319 0.0 3.0893587418800745 0.0 0.0
320 0.4444371642549436 0.0 0.9336296782288239 1.4129382749844737
321 1.7541808755100683 0.0 0.0 0.0
322 1.8097677997371155 0.0 0.43527209004426404 0.0
324 0.16975943956549044 0.0 0.0 0.0
325 0.8118705452366441 1.7051156756740657 0.0 1.1864172660372656
326 1.8552093805285375 0.0 0.5715385834241813 0.0
327 0.14258332206640284 1.6092315192428897 0.0 0.46877172816407014
328 0.9790928484442711 0.0 1.6559122310546748 0.0
329 0.0 1.5814861187359806 0.0 0.7328150785008761
330 0.18461046460466096 0.0006836388571223777 1.446667009080136 0.42892271354494493
331 0.0 0.0 1.3025293906355597 0.0
332 0.8466908300276146 0.0 1.1724050561403514 0.07603768899850191
333 1.5298098203748765 0.0 1.3449285063261742 0.8896584498475512
334 0.29483920912379996 0.0 1.5375790109647258 0.0
335 0.48185011542665723 0.0 0.19260470191928508 0.5612946505704849
336 0.3278268436324191 0.11257607389798695 0.030637031684649978 0.0
337 1.234822827373245 0.0 0.0 0.6147940738670873
338 0.6763900573720546 0.0 2.235809707708028 0.0
339 0.0 2.2896055478589092 0.0 1.4178684500818268
340 0.012970123672378051 0.0 1.0402118256177266 0.0
341 0.0 0.37401425982793596 0.2251235850630495 0.9163758264039955
342 0.668968734956879 0.0 1.7000332623376673 1.7261411684981771
343 0.38045751521049037 0.0 0.7614543230125833 0.0
344 0.0 1.4277575226370551 0.0 0.15264415762976624
345 0.9540737455116349 0.0 2.4256530681698254 0.40405228273006466
346 0.0 0.9913536891706286 0.0 0.12847846190333406
347 0.0 0.0 1.9848066904922814 0.0
348 0.0 0.1698915128141934 0.8301670327838662 0.5379542586896994
349 0.0 1.7013242317955326 0.0 0.34275265745429023
350 0.2775610391271098 0.5978187227820733 0.0 0.0
351 0.0 2.324721806766697 0.0 1.4490671227138963
352 0.0 0.0 2.1708823177259324 0.0
353 0.0 0.0 0.12106050505642123 0.4051370612855043
355 0.2872278199500379 0.10219497640560503 0.1469592070975025 0.0
356 2.489805113627193 0.0 0.0 0.0
357 1.0508962393123644 0.0 1.5151823500747075 0.0
358 0.49378464153866436 1.6199539227382287 0.0 0.31004628601615836
359 0.0 0.5984587317175174 0.0 0.4618821533543951
360 0.0 0.0 2.791134408504772 0.0
361 0.48953501637520813 0.0 1.1500817099699212 1.9965948731112724
362 0.42999576925008853 0.0 2.2656593229677062 0.12546541040552472
363 0.0 0.0 2.0468318995701655 0.0
364 0.0 0.0 0.06202520907788381 0.26793871858351404
365 1.2087241657016758 0.7013973690972568 0.0 0.6007607255444413
366 0.27652143573956767 0.0 1.8057582074588765 0.0
367 0.3423744246086189 0.25083778262794787 0.0 0.6117987234516493
368 0.4780118697800242 0.23351231884195162 0.0 0.0
369 0.41400830753351975 0.0 1.8411326072913694 0.0
370 0.0 0.0 0.310126045389419 0.0
371 0.0 1.6982186598309061 0.0 1.484657013823906
372 0.0 0.0 1.6746806451028622 0.0
373 0.13022273088568775 1.366586081252384 0.304427165090028 0.0
374 0.5991053085734099 0.06906799345369113 0.0 0.9620208860844748
375 2.150286234496212 0.0 0.0 0.0
376 2.1816051293394905 0.0 0.39984739756132104 0.0
377 2.093699754641049 0.0 0.0 0.0
378 2.8172759770074984 0.6055743474108121 0.0 0.0
379 0.03266100343499034 1.624443302680227 0.0 1.722130762864067
380 0.5309657154604592 0.0797106388501517 0.0 0.29500455086969735
381 0.0 0.39310599371153415 0.06323326015412394 0.0
382 0.0 2.055282920740893 0.0 0.6518899558295974
383 0.0 1.5118138524093974 0.0 0.0
384 1.876849853627086 0.06404976798037962 0.0 1.7320740209154972
385 0.0 2.7727364078839685 0.0 0.1217070137350521
386 0.23399057877031146 1.6379561649709147 9.049889526436092e-05 0.465166819968272
387 0.0 0.0 1.6746806451028622 0.0
388 0.11965165735131389 3.272975819264523 0.0 1.6807827432090465
389 1.9736393961156464 0.17124869365419865 0.9624092135066271 0.0
390 0.0 0.07792713382560382 0.2694118152090432 0.23249503171960462
391 0.406605910293359 0.0 0.0 0.6574166882912649
392 0.0 1.9062000747770662 0.0 0.0
393 0.0 0.3250877413690556 0.7804680259900075 0.7683943652657429
394 1.5069174747180158 0.09002885072226544 0.0 0.0
395 0.7110404875156724 0.0 1.8877028552460096 0.0
396 1.9309014434748661 0.3863001532222768 0.0 0.0
397 0.3735084310923178 0.0 0.39692005402366115 0.0
398 0.06920514908912888 0.0 0.0 0.3199859517164099
399 2.1502861383859977 0.0 1.053477116581526e-07 0.0
400 0.6593042404305645 0.0 1.9444116583129682 0.0
401 0.0 2.3005862971447355 0.0 0.0
402 0.20301709729637374 0.0 2.2310887469736684 1.704196870864433
403 0.0 0.0 0.12405041815576759 0.0
404 0.0 2.763024682719749 0.0 0.6004967214340537
405 0.34357555527806727 0.23897630575854814 0.6384032081065432 0.0
406 1.7714904855173537 0.24281724956865536 0.0 0.0
407 0.8613143720740359 0.6533547792348254 0.0 0.39112181046732075
408 0.0 1.4412001335302826 0.012183572000366034 1.0635729225432662
409 0.0 0.0 0.3721512544673028 0.0
410 1.4762840424968438 0.31126084032268514 0.0 1.4184434776573522
411 1.9891551424484324 0.0 0.6031871704624616 1.682832531998616
412 0.0 0.0 0.1860756272336514 0.0
413 2.1211717485099384 0.0 0.0 0.10144917579118957
414 0.18013610962917737 0.8685785374425032 0.22344530450004887 0.0
415 0.0 1.6588862245092568 0.0 0.38600005548682886
416 0.31661131314985036 0.7071233057017368 0.0 0.5792161410543732
417 1.4626208933771498 0.0 1.18793578322183 0.0
418 0.0 3.082419239548991 0.0 0.4089799325322428
419 0.0 0.13176798690021718 0.18578696140937234 0.0
420 0.3718064510422595 0.0 1.2671385445617245 0.0
421 0.2399714018428204 0.1049009947539839 0.8383698462039203 1.1150737619814552
422 1.1317295971032695 0.0 0.0 0.0
423 0.0 3.092040129867189 0.0 0.33219086998469505
424 0.8858228680270348 0.0 0.0 0.09013993814131427
425 0.0 1.0154434105625123 0.0 0.6398067310922355
426 0.09657580726656267 0.9377291344892772 0.0 0.5376961653723306
427 0.0 0.0 1.484193757217184 0.47365673794142465
428 0.21732176732497865 0.7992549288440098 0.0 0.0
429 0.0 0.0 1.3025293906355597 0.0
430 0.18621185765744785 1.1411855577836774 0.0 0.3582213554825726
431 0.6950774283748148 0.0 2.0292505993225367 0.0
432 0.0012367393267472373 0.0 2.7897788017323997 0.0
433 1.2982589367166768 0.06948313155815193 0.0 0.0
434 0.2396970907637207 2.5216814482908005 0.0 0.763653697215898
435 0.0 0.0 2.170882317725933 0.0
436 0.9990263205786631 0.0 1.6960880906068692 0.0
437 0.16813182041019234 2.0843341042898933 0.0 1.2940582022804743
438 0.15610595817818274 0.0 2.0617976659485713 0.0
439 0.3267688761889891 0.13497266370364686 0.0 0.3464387673999357
441 1.2987227012719473 0.0 0.0 0.4721674282697602
442 0.815772866527038 0.0 1.7108790631491582 0.0
443 0.8233044545647386 0.0 0.7913473468706842 0.7831868923991167
444 0.32983452732885854 0.1487104326649344 0.4285156939301937 0.0
445 0.0 1.44414043781217 0.06385807796542514 0.0
446 1.9286686030566775 0.0 0.1901689177279068 0.12395162641718689
447 0.0 0.5695163699023035 0.0 0.8932845906839351
448 1.3802342535052166 0.0 1.030140061778024 0.0
449 1.0506541742661115 1.4812898135949042 0.0 1.600742808667641
450 1.2235144150844084 0.07357011188809054 0.0 0.75416126888465
451 0.0 2.1691242230221786 0.0 0.0
452 0.36553097367030785 0.34317251425992773 0.08781255011007855 0.0605338651650402
453 0.0 0.0 1.4001218108109235 0.36349694993742854
454 0.0 0.0 0.0620252090778838 0.0
455 0.0 0.0 0.0620252090778838 0.0
456 0.08742764037219741 2.507598659133423 0.0 0.22142373163517742
457 0.0 2.3005862971447355 0.0 0.0
458 0.0 0.0 0.6721845862814789 0.07788439599744039
459 0.0 0.0 1.2153193219317275 0.0941832941939125
460 0.0382307559297884 0.0 2.0669518578563393 0.0
461 0.0 0.0 2.262832941717285 0.3026051785724212
462 1.73138564684795 0.0 1.28722286637116 0.3784378429044263
463 0.0 0.21678758291584702 1.0457734625441026 0.25731767887888246
464 1.8905255716611267 0.4454348573435425 0.1125061910316263 0.0
465 0.579730448145653 2.4724711239062342 0.18865937021401255 1.1453266203620762
466 0.0 1.319285839000877 0.0 1.6028782395441064
467 0.002737418476586344 1.047404429169538 0.0 2.010673974535046
468 0.0 0.0 2.260154575522624 0.30549770411471155
469 0.6491999095309098 0.27369671577011223 6.69823624329542e-05 0.6941172153500216
470 0.7796823978555627 0.5869932951862253 0.0 0.5553814369208656
471 0.0 1.664493241681439 0.14100545460766734 1.5676995898245307
472 0.16088301975949706 1.5924555594649212 0.0 0.5311899163250469
473 1.3014890366687601 0.0 0.0 0.0
474 1.3314016268076165 0.0 0.6494897035585874 0.0
475 1.197325620529115 2.1618131589549954 0.0 1.1355249405921222
476 0.5105569703239907 0.0 1.4251782613768627 0.0
477 1.3443319350684573 1.3588117080457667 0.0 1.0429901537686608
478 0.10936641311454535 0.4776446076501783 0.11168364581305236 0.0
479 1.1744884432048353 0.0 1.6278120931772624 0.0
480 0.15293934091916697 0.2626315579482602 0.0 0.623071208294199
481 1.209514237675096 0.4607010413969236 0.22431437533374068 0.0
482 0.05658647985516348 0.0 0.0 0.0
483 0.05459762983193761 2.526453196985929 0.0 1.2458425657582217
484 1.0380619560038225 0.3126755418263515 0.925928668858647 0.06498476330475607
485 0.0 0.0 0.12405041815576762 0.0
486 0.5293535092968525 0.0 1.641218196009194 0.34729730871934766
487 0.1850181567124749 1.1126275115182933 0.21062513018495468 0.49619402612456825
488 0.0 1.0516965929804503 0.0 0.0
489 0.44516885067107576 0.0 2.0160859725485136 0.644971850825382
490 0.04890781088522067 0.6634336780460333 0.0 0.13681894955510165
491 0.0 0.0004921895179026178 0.9299136956372884 0.0
492 0.0 0.0 0.310126045389419 0.0
493 1.4037467121853466 0.6079142997091024 0.0 0.5991366565531011
494 0.40705811021548743 2.9899668765274594 0.0 0.8251535704323918
495 0.745865185419637 0.0 2.0356066581481915 0.0
496 2.1521033306545467 0.1263163421391456 0.0 0.605954988263902
497 0.1382247052533909 0.28738029913220436 0.011488304757648848 0.0
498 0.0 0.4453789315363135 0.0 0.41692749969701426
499 0.0 1.4620484623199281 0.0 0.11769921058333488
500 0.13908475994257724 0.0 1.8323539961902797 0.0
501 0.03578117402481368 0.1644754936633852 0.006096799526250975 0.6542478819893871
502 1.1306374927919352 0.0 1.1176508337695785 0.0
503 0.0 0.0 1.9848066904922816 0.0
504 0.0 1.5805263554229187 0.08249827720525768 2.654238783295545
505 0.0 0.0 1.4848506194678677 0.807870751904522
506 0.43364989340912785 1.955471307060851 0.0 0.5751922174013989
507 0.0 2.8286921482049188 0.0 0.8015155444044779
508 0.0 1.1991651393451315 0.0 0.2516269659726461
509 0.07289346206173701 1.019315071388683 0.27306148943742464 1.5273867477787255
510 1.6390565919090134 0.0 0.2502397089293554 0.0
511 0.7104105003937611 0.0 1.7023177654526256 0.0
512 1.3261691665402444 0.0 0.9056747951575495 0.3993713790102088
513 0.2708902842739509 0.0 1.625854961824118 0.0
514 0.0 0.0 2.3569579449595848 0.0
515 0.07715707680926541 0.0 0.03947749838443222 0.0
516 0.0 1.6892724731097633 0.06660615333704939 0.5510410781809946
517 1.1141045151564177 0.4683851403639174 0.2596181791396202 0.0
518 0.0 0.8056639508338777 0.0 0.3846944117696798
519 1.1386877557873456 1.7150362717658552 0.0 0.18657296421893216
520 1.9035634587192285 0.0 0.33246139438243516 0.0
521 0.077826049694643 1.1584867144412077 0.0 0.0
522 0.5437814272832268 0.0 2.38116382812414 0.0
523 0.5526878878724013 0.7478985433519703 0.0 1.1290066044606548
524 0.32187166070419115 0.0 2.624402137057985 0.0
525 0.5545878236452755 0.0 2.1832431630749154 0.0
526 1.0300923882144837 0.11806210885309283 0.0 0.0
527 0.44444099781096336 0.2192908017175177 1.054210394332518 2.2649625636693718
528 0.4910923499704972 1.7884470053363712 0.0 1.3472509058734945
529 0.0 1.04688649942412 0.0699392755609577 0.4652477237370353
530 0.0 0.0 0.0 0.06698467964587852
531 1.1727605425717993 0.0 1.1955296049827986 0.0
532 1.8107673553652315 0.0 0.0 0.0
533 0.0 0.0 0.538895984885386 0.15484593431196234
534 0.10777041294032058 1.6015069530600612 0.04194112032971362 0.20462026106552184
535 0.15609076319422355 0.0 2.492736736893396 0.5393916754580651
536 1.2467959569714906 0.0 1.0263873139570023 0.16201142082204345
537 0.20690166733278775 0.7228958057443988 0.0 1.3628592543925335
538 0.0 0.0 1.9906288504062586 0.39562038417003775
539 0.12656768541859503 0.0 1.5166577976604776 0.42274079760562755
540 1.078937961505027 1.8554743508252578 0.1447231322340905 0.3597987202283006
541 0.0 0.0 0.2274089503971915 0.2902851059612811
542 0.23523574813268802 0.07072645933924286 2.652625941314681 0.0
543 1.1483584215905962 1.1893020830036032 0.0 0.6439017128788457
544 0.0 1.2053049977877168 0.0 0.3123546859045892
545 0.0 0.7312455913203593 0.05207995556589073 0.27031852775629106
546 0.0 0.0 0.6453664400836497 0.575739650517225
547 0.20230748194761383 0.0 0.1503992759392386 0.0
548 2.5966742585594735 0.0 0.0 0.6103243059177101
549 0.0 1.7945709017280533 0.0 0.3147122379578579
550 0.14087382303298274 2.136946811061736 0.0 0.0
551 0.0 0.0 0.0 0.13396935929175705
552 0.639180808703048 0.0 2.462670897751618 0.0
553 0.0 4.0143654483752 0.0 0.6649835921890573
554 0.0 1.283233056658801 0.0 0.5678637573215445
555 1.1910388040618933 0.383151071336176 0.0 0.6110884990086001
556 0.0 0.7230414076740596 0.0 0.0
557 0.26189638591089803 0.1470809440201551 0.2275951571299132 2.0406704655353565
558 0.5971906498663773 0.0 2.0560097468839396 1.1587303184631053
559 0.0 1.314620741225563 0.0 0.0
560 1.0114671945623464 0.0 1.3103002252048586 0.0
561 0.4857161470761092 0.0 1.2663309978717956 0.0
562 0.2263459194206539 0.0 0.0 0.0
563 1.1658155003250164 1.6834762752000971 0.0 1.861239198193184
564 0.45394082008402953 0.5645029826907559 0.0 0.09309894788206495
565 0.5615646631632205 0.0 1.2181380953515109 1.5698924050771854
566 0.0 0.0 2.3417400068183993 0.3513581467197698
567 0.0 1.061351847636358 0.0 0.12412995664514413
568 0.05893948692318325 0.0 0.0 0.46610736735269914
569 0.0 0.05650282292872609 0.8206977898817724 0.5967472465658166
570 0.0 2.677064602784962 0.0 0.21920350096870747
571 1.1380401829272049 0.9481316758467258 0.0 0.16505461439580946
572 1.6839544857166673 0.0 0.5111525631518343 0.0
573 0.0 0.46011725942894705 0.0 0.0
574 0.0 0.0 1.973665733788137 0.9498172909422994
575 0.6369558669265324 0.0 1.9393291962111006 0.500836666540712
576 0.0 0.0 1.0544285543240244 0.0
577 0.0 0.0 0.1860756272336514 0.0
578 0.4582671727109987 1.131424965461012 1.4353070796369465e-06 1.3858125813381998
579 1.0598359197478852e-06 0.0 0.6747689630827649 0.20906147984455067
580 0.0 0.3943862223676689 0.0 0.0
581 0.0 0.0 1.236346552540929 1.746091739458688
582 0.0 0.06699470493286883 1.0532361303574387 0.0
583 0.0 0.0 0.9303781361682569 0.0
584 0.0 0.5201997276335978 0.1914057373305988 0.0
585 0.0 2.9610314420027986 0.0 1.3364990312923435
586 0.3636428304830437 0.0 1.7102632634731036 0.0
587 0.0 0.0 0.0 0.13396935929175705
588 0.0466229935099863 0.43713906471621133 0.0 0.6380729121311804
589 0.08589762028540426 0.0 2.7182688148310703 0.7808260387601069
590 0.0 0.0 2.4438666692285085 0.3750349029466354
591 0.39322697811880847 0.2435139164175384 0.0 0.2911264537649621
592 0.0 0.0 0.1860756272336514 0.0
593 0.9583728445478931 0.8586821321396738 0.0 0.0
594 0.10954407592396903 0.5300636195720408 0.0 0.0
595 0.5008193579288689 0.1762764154960751 0.27711025844288556 0.0
596 0.1310834477108354 2.429135081883242 0.0 0.3166905731905062
598 0.13523282024512676 1.6176511215592648 0.0 0.0
599 0.16472155266354332 0.28655925905009855 1.9704350058363178 0.868199415213281
600 0.4738262151883403 0.6547942064245189 0.10325904742854303 0.0
601 0.0 0.17091142837594514 0.1841398333568713 0.5647509502462844
602 0.909330793675885 0.0 0.9880768577996019 0.0
603 0.7193225349814835 0.0 0.8407285771616477 0.11611510972832176
604 0.0 0.0 1.79873106325863 0.0
605 0.0 1.9892841485973738 0.0 0.25025471936252086
606 0.0 0.0 1.0834101957264577 0.16965505593032268
607 0.0 0.09483642127143056 0.3527004703503248 0.5272229944888012
608 0.8570251803025419 1.07957115568914 0.0 2.239332975627664
609 0.6487081956938572 0.22482101896079315 0.4413508257094072 0.0
610 1.822762394609705 0.039279484803590156 0.19788795092015643 0.0
611 0.0 1.0204562622243047 0.19706179248950145 0.6228336652894556
612 0.6255524426847998 0.5460873214655206 0.0 1.0474588174351833
613 0.7707326373187682 0.0 1.1399961793029516 0.0
614 0.0 0.3943862223676689 0.0 0.0
615 0.004980144469500191 1.3403297434900567 0.0 0.7717215392540551
616 0.17508008323866947 1.900019597967646 0.0 0.0
617 0.0 1.6516235648158606 0.0 0.5273705901546208
618 1.2286729619358505 0.0 1.6924701244646838 0.0
619 1.2449025568135965 0.0 0.0 0.0
620 0.143933367223306 0.06662510196848413 0.647716740697336 0.0
621 1.6744782033031271 0.0 0.7696404813155242 0.0
622 0.0 1.0466236025342324 0.0 0.3400931423119289
623 0.0 0.05880136433005494 0.1305894052037695 0.0
624 0.0 1.5202181039889484 0.0 0.5942975767586434
625 0.0 0.854503481796616 0.0 0.0
626 0.32991562557625603 2.1883484130898605 0.0 1.6663940764742486
627 0.0 0.0 0.1240504181557676 0.0
628 0.5551563004137232 0.2650287435990185 0.45291006710957554 1.1290395631308332
629 0.06380847841488632 0.0 0.0 0.6612977002583456
630 0.04315012774709763 0.4837134908703231 0.09138773480535153 0.6969802725147327
631 1.8622411225627655 0.13807472825711906 0.0 0.20026747905858205
632 0.0 1.010639265758572 0.1256384392748598 0.3750487858223298
633 0.24371804881219056 0.17701358978948115 0.0 0.0
634 0.366779199415056 0.0 1.5610281671217967e-05 0.3026369264953586
635 0.22421719808245882 1.537635053835583 0.0 0.5120836560491802
636 0.0 1.6115742755163374 0.0 0.300244993251702
637 0.057825863369681596 1.0195457720631718 0.0 0.09828156117889056
638 1.2834249373213429 0.15955293587928276 0.17371844139884227 1.3457957432133867
639 0.791536938009412 0.4294988662182341 0.0 0.9028007842333234
640 0.0 0.19531813926322167 0.3778868432602271 0.464609289035467
642 1.2687908715088398 0.0 0.1598913210657612 0.0
643 0.7213843441371386 0.0 0.7599110501199955 0.0
644 0.1054505916659737 0.0 1.7957908977544388 0.07930135011208223
645 0.002128552507671315 0.0 1.0502342914142717 0.06899462105165803
646 0.029615432332063114 0.0 0.09158854056539974 0.0
647 0.0 0.11465485272600599 0.636111743505258 0.0
648 0.0 0.5047159979113751 1.260445069397731 0.0
649 0.0 0.5211186053869292 0.0 0.540697334395835
650 0.6070285468230164 0.11991036895783691 0.7100828008767262 0.0
651 0.0 0.3757274925680819 0.6378588663401031 0.0
652 1.0206843184001686 0.9177629977542928 0.0 0.0
653 0.6862257523452684 0.0 1.7908522053227975 0.0
654 0.42999320347814385 3.2426870410912434 0.0 0.741417895385563
655 5.148389325159102e-07 0.0 0.9045652113274496 0.0948609693991101
656 0.4212151057062308 0.0 0.0363591698416815 1.538642045314107
657 0.0 0.8340234537613667 0.057457772027536734 0.3607266721867289
658 0.0 0.0 0.0 0.13396935929175705
660 0.0 0.0 0.0620252090778838 0.0
661 0.0 0.0 0.0620252090778838 0.0
662 1.4566458044456634 0.6387845595957254 0.0 1.5768127976038881
663 0.0 1.5137523692423263 0.0 0.19897855011458798
664 0.8221971963788137 2.594409092655516 0.0 0.0
665 0.6222834647738487 0.0001949328559582706 0.0 0.0
666 0.058594014041188344 0.1246459158620541 0.0 0.6744165205950641
667 0.11358459542969435 0.0 2.1084059091455707 0.0
668 0.0 1.607628244733835 0.0 1.3090364786368802
669 0.6729742977010176 0.964551122390743 0.27495419417947164 0.0
670 0.9619694814266219 0.0 7.410946218143109e-07 0.0
671 0.0 0.0 0.8063277180124894 0.0
672 0.14267302500318452 2.266318926386948 0.0 0.0
673 0.0 0.5797512658793846 0.42646607295505323 0.8911813969412374
674 0.0 0.4779802668971365 0.2312449213205493 0.0
675 1.2704307489263795 0.0 1.1921525336310042 0.49089135916914783
677 0.0 0.0 0.5582268817009541 0.0
678 0.0 0.15907593578903195 0.7798945923327025 0.8712070042993039
679 0.0 0.0 1.5506302269470948 0.0
680 0.0 0.0470394474638168 0.8239655007801601 0.0
681 0.40827630828252404 0.1290383060361588 0.0 0.5239399775028423
682 0.0 0.0 1.6126554360249785 0.0
683 0.6554257228319533 0.05098195284325066 1.6218718829369574 0.568905364221709
684 0.0 0.11636856412337447 0.44841902163149255 0.0
685 0.0 0.050331318937380125 0.6968088024630901 0.0
686 0.0 2.8264345936349615 0.0 0.0
687 0.0 0.0 0.2433998445287185 0.4069849560232267
688 0.0 0.03706010783491387 1.2675586821289144 0.0
689 0.39334421110976925 1.4492901736050428 0.0 0.0
690 0.1473497044848902 0.8353248442770688 0.0 0.24702615316269977
691 0.0 0.06595905666489502 0.0 0.06675231118214932
692 0.0 0.0 0.7443025089346056 0.0
693 0.0 0.06427761463047993 0.0 0.06846582219694447
694 2.50290730609518 0.3134356363805416 0.0 0.0
695 0.1014896362835388 0.0 0.16649105110371573 0.3699041602334807
696 0.0005156128271493278 0.0 1.7361406839583002 0.0
697 0.21422057334200573 0.0 0.0 0.5502309086102521
698 0.43638821218155077 0.0 0.6381227173823572 0.0
699 0.21786662957245595 0.0 1.746000118941739 0.0
700 0.0 1.978840241259052 0.0 1.064713971868961
701 0.0 0.06573103706127816 0.0 0.0
702 0.9096679524646574 0.0 1.2628739267789904 0.6406168467651203
703 1.1265261270812659 0.26896851576433295 0.0 0.0
704 0.0 0.3421306035127226 0.12352776090013737 0.3887401007231577
705 0.0 0.0 0.6878436637616758 0.7978047112345303
706 0.27262846398527407 2.1470100611475376 0.0 0.302672011014192
707 0.0 1.1831586671030065 0.0 0.0
708 0.0 0.0 1.9848066904922814 0.0
709 0.035796675707677555 0.10412538034456584 0.6068103559096523 0.0
710 0.0 1.660956493031251 0.0 0.8527830596870709
711 0.0 0.18047708727778017 0.06964354818046188 0.6786541400263763
712 0.0 0.0 0.06202520907788381 0.13396935929175705
713 0.18026679832071643 1.598345331000306 0.0 0.5692267963193662
714 0.13207323367376 0.0 0.28940919841092205 0.0
715 0.0 0.1642581212725972 1.5817083861630843 0.0
716 1.861330433143109 0.0727278402939665 0.0 0.0
717 0.7979892194546175 0.0 1.792397169305239 0.0
718 2.3249802202458856 0.6194207942572527 0.3404706350013109 0.0
719 1.8448394713558702 0.035992652994790285 0.3148092327183972 0.7887309406722786
720 0.3187340808704324 0.0 0.8894543619655427 1.9443711906838583
721 1.7250312021111895 0.0 0.4661278164433555 0.0
723 0.0 0.0 1.426579808791327 0.0
724 0.0 0.0 1.6746806451028622 0.0
725 0.0 0.6948120806808189 0.09705191159727863 0.2588790431344722
726 0.14196000186871113 0.0 0.0 0.1668771569356566
727 0.19402548094800826 0.325602527087131 0.0 1.0461406411415615
728 2.0343534734425726 0.33186097942617665 0.0 0.0
729 0.08814479779385714 0.0 2.336785771494556 0.3193511165288355
730 1.7719051595894724 0.0 0.22867300781619979 0.0
731 0.8062257240109202 3.078937536644318 0.0 0.5299070279210143
732 0.0 0.0 1.488605017869211 0.0
733 0.5076417820207203 0.0 1.677194906611137 0.6020840804403749
734 0.07594834947138238 0.3595481843540852 0.0 0.6154448349203006
735 0.09829493492498739 0.13693687607246327 0.011141865091586718 0.0
736 0.07774105850025034 0.0 1.4602123460396088 0.675467821741103
737 0.6768846453729565 2.165147326552609 0.0 0.6764483054232474
738 0.9846761551658356 0.6309350107136821 0.0 0.0
739 0.0 2.0553600142356587 0.0 0.11593395481692595
740 0.06608285841048071 0.14814544782920464 0.2839741484796504 0.0
741 1.0274041989089504 1.284323827586253 0.0 0.22135541582474966
742 0.20612385065822633 0.0 0.5183673568322192 0.0
743 0.3747626307259303 0.0 0.0029129233456652217 0.49101153819853816
744 0.17613439776019185 3.296904334228387 0.0 0.7857198232065714
745 0.7735132701540082 0.0 0.618290909667221 1.6318835538914414
746 1.369028703066092e-05 0.0 1.5506152208375512 0.0
747 0.0 1.0286583411819499 0.0 0.5593550815998244
748 2.0581390927090095 0.0 0.6592306152767068 0.0
749 0.0 0.14447805264714816 0.11176826309729153 0.0
750 0.0928137361286565 0.22555512168424005 0.32674645719275663 0.1112174444235737
751 0.0 1.5775448894706754 0.0 0.0
752 0.32221169097487434 2.629293833743877 0.0 1.9629898767339589
753 0.15375357089469321 0.28987029307395623 0.0 0.7283184759340621
755 1.4324652480841475 0.2970219972359689 0.0 0.4130698480639243
757 0.5283016946734804 1.560456412505834e-06 0.0 0.5803414593396188
758 0.0 0.0 1.0350210741462313 0.5568367190746606
759 1.7213208590558722 0.4336948193297004 0.18500150672229126 0.0
760 0.0 1.9201882069627478 0.0 0.6555918783075844
761 0.029615432332063114 0.0 0.09158854056539974 0.0
762 0.0 0.0 0.8063277180124893 0.0
763 0.06478668398578566 0.34596785285853193 0.22277587869230964 0.0
764 0.0 0.0 0.7056353249940917 0.3766823695826571
765 0.2750238160115487 0.0 1.1251224689254125 0.0
766 0.12620416758719075 2.743738829482065 0.0 0.13583185058735206
767 0.4737474395197452 0.0 0.5977553231618198 0.26730957527268917
768 0.26047465090230437 0.08254349951323617 0.5709447967171986 0.8665174262672292
769 0.08732288872149155 0.0 1.874032351080785 0.08324727943842455
770 0.0 1.5541042225850403 0.0 1.765489405297262
771 0.23195568066419656 0.6723237409618144 0.0 0.647906488577469
772 0.04675128519862754 1.3908677332850146 0.0 0.3358493668263117
773 0.3311957479566672 1.4786935259720237 0.0 0.311543296468644
774 0.0 2.538530803831833 0.0 0.5613334981427984
775 0.0 0.0 0.9924033452461407 0.0
776 1.6975943956549044 0.0 0.0 0.0
777 0.3087066744790127 0.15248439337046144 0.6264720668940877 1.3480271942900963
778 0.724668640875177 0.4656553820726623 0.12322700075459 2.084739350873101
779 0.49116765986008737 1.0932669837322697 0.2130604098868679 0.4188256972808996
780 0.0 0.0 0.0 0.20095403893763555
781 1.448004550939184 0.6882350005888693 0.0 0.4648934983667052
782 0.0 0.0 0.3721512544673028 0.0
783 0.1856810402780108 0.0 0.7076223027889601 0.15473515920276495
784 0.0 0.0 1.5506302269470948 0.0
785 0.0 0.8130086261292959 0.0 2.051826647711762
786 0.9241458074621866 0.0 1.6541152198404518 0.0
787 0.42142344240699925 0.0 2.763382913418856 0.0
788 0.21964940807515967 0.1518701340530327 0.23655413056019844 2.076124795180898
789 0.0 0.11785446791126371 0.447016891112427 0.0
790 0.11317295971032695 0.0 0.0 0.0
791 0.0 0.04571194239213282 0.8872433719687358 0.0
792 2.4332162607667156 2.756490607699098e-06 0.0 0.0
793 0.0 0.2061846956651448 1.0459439033535125 0.0
794 0.0 1.3798843731869614 0.062466262503179444 0.0
795 1.1676045587701096 0.08978960322613885 0.0 0.0
796 0.13083559225878716 0.1931650702199364 0.10849111214087043 0.0
797 0.6877415674296372 0.0 0.7347621454983065 0.0
798 0.0 0.0 1.1164537634019083 0.0
799 0.033333528204737284 0.0 1.8242189393641448 0.0
800 0.0 0.5258482964902251 0.0 0.0
801 0.17619229744901502 0.0 0.6132009478871934 0.0
802 0.21573208805455657 0.0 0.0 0.41447228218154997
803 0.11282960501679315 0.0661298789779975 0.0 0.0
804 0.261678053605356 0.0 2.3802551219071217 0.0
805 0.0 0.06098279129769893 0.1905561732497536 0.0
806 1.4273694166649187 0.0 1.5367014509906012 0.0
807 0.9474518847303335 1.8498569611784506 0.0 1.4812820961951916
808 0.13394300236685783 0.0 1.7139395283441634 0.0
809 0.046197833540226954 0.0 0.9777780688953386 0.22904637679779327
810 0.0 0.0 2.1708823177259333 0.0
811 0.0 0.6226202318656843 0.1567847732629844 0.0
812 0.16336180925847485 0.287650862148338 1.2862092652677837 0.0
813 0.0 0.3904699964121769 0.25179627068387256 0.0
814 0.0 0.3642923180159956 0.0 0.16463722385642648
815 0.16432101729510692 3.5286988303692013 0.0 0.3625346118577191
816 0.5928516563045684 0.14016811740160276 0.9454947811879026 2.4882744829466796
817 0.0 0.0 0.05317791816384327 0.34447810923192607
818 0.0 2.760703556573683 0.0 0.0
819 0.0 1.971931111838345 0.0 0.0
820 1.2701108452275265 0.10218004519570781 0.0 0.0
821 0.0 1.7462692082168676 0.05312940209005037 0.3065575829698056
822 0.0 0.3643878004476881 0.0 0.23152460000026576
823 0.0 0.0 0.0620252090778838 0.0
824 0.0 0.0 1.2405041815576758 0.0
825 1.127147161442672 0.42617093845527615 0.0 0.5758956861986232
826 0.3229181346566394 0.15649218894495387 0.5524467008822587 0.33530951798144665
827 0.0 1.8404690377157882 0.0 0.0
828 0.0 1.0124658142900693 0.0 0.17394835947676393
829 0.6119771026669224 0.08232831975888302 0.0 0.8662858900984265
830 1.4136605536553115 0.19835639027381707 0.0 0.0
831 0.0 0.8637694866169331 0.0 0.7273887471863982
832 0.9865057740205831 0.10296142307516055 0.0 0.0
833 0.0 1.0116198476505533 0.5468491745740887 0.3210672765821956
834 0.05658647985516348 0.0 0.0 0.0
835 0.0 0.31927320533246295 0.6291051272660745 0.0
836 0.3739239768603455 1.2746556690080622 0.0 0.0
837 0.16387658940583283 0.15411668029205436 0.2367067425076052 0.1971363797260896
838 1.07517736042697 0.0 0.8062901835990752 0.0
839 0.37148335153304746 0.7889418833666457 0.5677192444354713 2.899063682683987
840 1.1863631220066904 0.0 2.1109977690939994 0.0
841 0.8223917850954823 0.0 0.12218395386522822 0.9710588297542136
842 0.0 0.0 0.06576154435626026 0.0629495909232049
843 0.6124552905720905 0.0 2.1198138466705356 0.0
844 0.0 0.06573103706127814 0.0 0.0
845 1.9302128298504335 0.5269120068300187 0.0 0.3264142629924416
846 2.0307184403198244 1.0591248532709874 0.0 0.0
847 0.10031890296957699 0.3894043328335119 0.09594103008302843 0.31858869774687926
848 0.0 0.2244329012017785 0.2898398725368174 1.4678118704518135
849 0.0 0.7653456150451394 0.0 0.7607051095063937
850 0.7059080953064716 0.0 1.2615393140730646 1.7540613032032795
851 0.111577069796924 2.30829426869931 0.0 1.1997584001918828
852 0.23577846336876668 2.285656094786769 0.0 0.6069112263261869
853 0.0 0.0 0.6088609774387055 0.21325597373547792
854 0.22661169163636563 0.4216777484269729 0.0 1.2445822649220557
855 0.10942798818614845 1.8448192086873572 0.0 0.0
856 0.0 0.8160968966162365 0.40839252772699286 0.0
858 0.0 0.06483613768159743 0.06286965522706929 0.0
859 0.0 0.824181814319447 0.152662590562361 0.0
860 0.13697370161125197 2.4943690677254913 0.0 0.8461019082473349
861 0.03639441132910766 1.0806972383630775 0.0 0.32927215963178186
862 0.0 1.6783939811094029 0.07538513144582784 0.5526461121543451
863 1.3181454756972633 1.6239277533659644 0.0 0.0
864 0.1331750156356856 0.0 1.0325040291736112 0.0
865 0.9818198557366227 0.18450094791227306 0.11426949045503036 0.0
866 0.24840625506150593 0.0 1.7125252206804051 0.0
867 0.0 0.06573103706127816 0.0 0.0
868 0.18017344168499635 1.1282543087642711 0.05860142855662581 2.3917851862906607
869 0.2818992340276447 2.546985044463783 0.0 0.4199716736264848
870 0.2245982485933802 0.0 0.25001648204066385 0.0
871 0.5029722982104379 0.007214872182441374 0.8448185419362524 0.22648253249029826
872 0.7303491056859313 0.0 0.8121098623126084 0.0
873 0.4966116887256166 0.0 0.6341361559171073 0.0
874 0.16452404617394772 0.3227442015166093 0.011316316226089775 0.0
875 0.0 0.0 0.06202520907788381 0.0
876 0.5818039201133951 0.0 0.0 0.3160553407997025
877 0.0 1.719044120235099 0.0 0.2577101301986364
878 0.49760986373166743 1.321372329482007e-06 2.121645813730712 0.0
879 1.5190564137679143 0.0 1.064050833785191 0.0
880 0.0 0.2629241482451126 0.0 0.0
881 0.0 1.0340495362735327 0.0 0.15195298609964575
882 1.3580755165239236 0.0 0.0 0.0
883 0.7254296566982102 1.3217746216779105 0.0 2.1482873411692376
884 0.15827748772457698 0.0 0.0 0.3485152468077384
885 0.04690036038619293 0.0 0.14105942325312792 0.9308825059941084
886 5.201643741176741e-06 0.0 1.9227757798220488 0.0
887 1.3714636977393126 0.0 0.10937545089887898 0.0
888 0.0 1.299147274526279 0.07662630241356375 0.0
889 1.61417533657337 0.0 1.0437492562919672 0.3112351935809796
890 0.0 0.0 0.4341764635451866 0.0
891 0.10386125237348019 0.0 0.4065534518141802 0.9116553591279367
892 0.0 0.26292414824511257 0.0 0.0
893 0.0 0.16792561813072923 0.39976868539437027 0.0
894 0.0 0.0 1.3025293906355597 0.0
895 0.233210368852616 2.3997053081770616 0.0 0.42674215314929587
896 0.0 2.953450515606414 0.0 0.3394543487637769
897 0.0 0.0 1.3025293906355597 0.0
898 0.0 0.0 0.25963833800598546 0.8583408071852123
899 0.0 0.0 2.729109199426888 0.0
900 0.2203659073702527 1.8523907652422205 0.0 0.7317612588606651
901 0.03295076153717589 0.0 0.937587197867346 0.48908622970707727
902 0.0 0.0 0.05565828479453158 0.07386069650725473
903 0.0 0.7553870731166237 0.2373012185075982 0.5145780091302454
904 0.3888761315434537 0.1353459352966165 0.004259160107040151 0.0
905 1.6776714461218045 0.024745960526266524 0.0 0.4002740991215585
906 0.0 2.2085009423502417 0.0 1.2325811890242102
907 0.0 2.75124056152736 0.0 0.4115515540778074
908 0.668888637600962 0.0 2.0724142440476427 0.6542330140319784
910 0.0 0.0 0.3721512544673028 0.0
911 0.0 0.0 0.8063277180124894 0.0
912 0.0 0.0 0.036595776921434925 0.22841678177881525
913 0.0 0.5229800470566239 0.0 0.0029229535702462285
914 0.0 0.12696481099300597 0.1282941316031695 0.0
915 0.0 0.0 0.4962016726230704 0.0
916 0.0 0.0 0.6822772998567218 0.0
917 0.0 0.644317520796369 0.0039843488661473764 0.27687643881712837
918 0.0 0.9767756255989348 0.0 0.7461966796065522
919 0.0 1.2823305392671092 0.0 0.2338600895735219
920 0.0 1.9370007974602728 0.0 1.8441828665314706
921 0.0 0.0 1.488605017869211 0.0
922 0.0 0.1044631869430554 0.1721623199619305 0.5114323764997903
923 0.0 0.3286551853063907 0.0 0.0
924 1.2985617389046948 0.5949796920525388 0.0 0.0
925 0.0 0.5985945432097943 0.0 0.7966671498528988
926 1.660913437415878 0.0 0.5364081691179242 0.0
927 0.0 0.22529600752777862 0.841834434467136 0.0
928 0.0 0.09397463511928345 0.21143248996748437 0.2117720790803002
929 0.044302527550243484 0.0 1.8121956702100712 0.0
930 2.302425161044963 0.11744927674943637 0.8388645762298358 0.0
931 0.4204539841952577 0.0 0.4505961317306509 0.15439859944305434
932 0.1935863801605887 0.0 1.0781236175834878 0.14715901958492278
933 0.05398888486132202 0.4631346341313037 0.0 0.0
934 0.3788145138793172 0.0 1.7556585843316466 0.0
935 0.4971152502790299 0.0 0.9704155657291269 0.5740214619899242
936 0.2773914501182179 3.3766395696204032 0.0 1.053492797819509
937 0.0 0.5233151137760288 0.0 0.13655085564692235
938 0.9884827194446284 0.0 0.2620228005427727 2.56598290776643
939 0.0 0.05512418063253936 0.19608448327890587 0.0
940 0.1896615242053551 0.19994472197709787 0.0 0.30856006249130014
941 0.3306507140253955 0.07668697829057342 0.7436847652350862 0.0
942 0.0 0.1314620741225563 0.0 0.0
943 0.0 0.0 0.49620167262307036 0.0
944 0.46272793600993417 0.0 0.988524700575043 0.2602471885906822
945 0.011994421871557553 0.92679026659142 0.0 0.7159522062224704
946 0.0 0.0 0.8063277180124894 0.0
947 1.2154450079431502 0.0 0.0 0.1688399587580993
948 0.0 1.4521199159552614 0.0 0.2617864765341097
949 0.6777159801295359 3.1733276239352675 0.0 1.3896572547769954
950 0.705021655055617 0.10127909600637425 0.0 0.0
951 0.4403184411688344 0.0 1.7502685034143326 0.0
952 0.5111902391066597 0.5032645390141623 0.45339129704285497 0.0
953 0.09976670196152608 2.2642838009284953 0.0 1.1246195033992386
954 0.0 0.06573103706127814 0.0 0.0
955 0.0 1.087792427702725 0.0 0.43210849192120054
956 0.0 0.3654319949843872 0.12948248360320994 0.35856344186059663
957 0.0 2.0376621488996225 0.0 0.0
959 0.0 1.1170049718343824 0.0 0.46932347679600894
960 0.6599848629604421 0.9252744121144619 0.0 1.156157549309068
961 0.34459059305192696 0.0 0.8007685435041074 0.0
962 1.0921138815455933 0.0 0.6270761059926364 0.5754031880777918
963 0.061780138617808664 0.0 0.0 0.6636987630540522
964 0.0 0.5236150555441674 0.0 0.7391073101099036
965 0.0 0.07530506262990902 0.18454100461320172 0.19285474403771935
966 0.2345023570676283 0.0 0.005041897916254945 1.3915779841469484
967 0.0 0.19719311118383448 0.0 0.0
968 0.770614665263609 0.0 0.3958229811402005 0.0
969 0.0 0.0 1.6746806451028622 0.0
970 0.0 1.7250668587339653 0.0 0.18458784453018187
971 1.859928111816315 0.33728092950411637 0.0 0.0
972 0.6032322872787146 0.0 1.6337216332161901 0.0
973 0.36709909600063373 0.4503276594657871 0.0 0.3792360947962345
974 0.0 0.09503192183087514 0.1386709922436765 0.49022809706330317
975 0.0 0.5917042527462293 0.6201342143612866 0.0
976 0.0 0.06185089635452418 0.9542116902946491 0.3131382820947114
977 0.4509667911746567 0.684820404912923 0.26870165266208784 0.8895448033168605
978 0.0 0.47680413382722386 0.3564051637363044 0.0
979 0.0 0.0 1.5881607971916973 0.6293153212386843
980 0.04915868758830727 0.23703871908199478 0.0 0.23612586905876068
981 0.7246628228665157 0.0 0.26011579243619176 0.0
982 0.0 0.05224100214671956 0.6950067846397384 0.0
983 2.150286234496212 0.0 0.0 0.0
984 0.13479935192226133 0.0 0.0 0.04138427195272598
985 0.0 0.0 0.22203192769650498 0.09513803081157618
986 0.0 0.0 1.1790602699330908 1.540019854468123
987 0.14164975334200078 0.21570770055703103 0.0 0.28234606997666917
988 0.0 0.0 1.7987310632586304 0.0
989 0.0 0.0 1.789291954901513 0.07717852919260566
991 0.6654176450622256 1.4689827901886956 0.0 0.12675554256790877
992 0.16200148679530943 2.4392976540068076 0.0 0.3367193910453984
993 0.07887201184548459 0.768628759440771 0.07214257367925897 1.1889450975803355
994 0.06325018412776773 1.1817728302408739 0.0 0.26146277549816327
995 0.0 0.0 1.3645545997134434 0.0
996 0.0 0.11610865674087434 0.1832804522134841 0.2866036353492855
997 0.15083772052171118 0.0 1.4958287026755046 0.41650552490023346
998 0.6056292014917464 1.9833280930119381 0.0 1.9508546244245266
999 0.0 0.3286551853063907 0.0 0.0
1000 1.3593145757534957 0.0 0.8049695683631242 0.0
1001 0.0 0.0 0.0620252090778838 0.0
1002 0.0 0.19719311118383448 0.0 0.0
1003 0.24328816789806862 0.11878314022555807 0.3035195292946943 0.0
1004 0.0 0.0 2.6359059727184198 0.5695484163386704
1005 0.0 2.694972519512404 0.0 0.0
1006 2.120854428587017 0.0 0.4611829639420274 0.9434597292792097
1007 0.0 0.0 1.290871596602055 0.07957461864522009
1008 0.0 0.03928702315974824 0.7089946245455047 0.400002826247306
1009 0.0 0.0 2.6670839903490036 0.0
1010 0.3336948455584635 0.11398666911511904 0.20239614111960283 0.07406214034862672
1011 0.4554932064296704 0.0 1.793728065843137 0.47097964898083433
1012 0.0 2.3005862971447355 0.0 0.0
1013 0.0 1.3799049770225216 0.06244682028431957 0.0
1014 0.10999907476838275 0.9275464810976929 0.05860442388248295 0.0
1015 0.0 0.5709856061626559 0.0 0.891787332697087
1016 0.0 0.3270361522984522 0.0 0.13561927099590018
1017 2.2068727143513756 0.0 0.0 0.0
1018 1.406356147018212 0.12381539137028703 0.0 0.4195327134175763
1019 0.0 0.19341929303242938 0.0 0.0038457935735595706
1020 1.3345409136873045 0.02129273322646055 0.9085196795458769 0.23072070665843702
1021 0.0 0.0 0.1240504181557676 0.0
1022 4.406061014534146e-05 0.6412290022485101 0.20093214038194906 0.5361689329219806
1023 1.8107673553652317 0.0 0.0 0.0
1024 0.0 0.5110151275097989 0.0 0.484008829269124
1025 0.1417039292107608 0.0 1.0849602134971648 1.5408856189016176
1027 0.0 0.0 1.1164537634019083 0.0
1028 0.0 1.5307120317794665 0.0 0.7175728648368346
1029 0.28205418662210324 2.695992654156523 0.0 0.0
1030 0.404453439365541 0.0 1.2933789463552938 0.0
1031 0.0 3.3524024205187244 0.0 1.0716330642200353
1032 0.0 2.4054354305684225 0.0 1.2998294241726018
1033 0.09653666344652101 0.21651788644954395 0.0 0.0
1035 0.0 0.854503481796616 0.0 0.0
1036 0.0 2.4509962576398823 0.0 0.9854609283905652
1037 1.1007095003384981 0.0 0.7162788492087191 0.0
1038 0.41940093439086157 2.826501342924319 0.0 0.10632502083622686
1039 0.0 2.05159033186963 0.0 0.1867602133720152
1040 0.5013455070593802 0.9719681635898887 0.13985925291318213 0.274520707545207
1042 0.1523061351495701 0.09034756699204849 0.12786598118066445 0.3263772058208113
1043 1.5807339963848714 0.0 0.8723947796713827 0.0
1044 0.0 3.0495865372585538 0.0 0.5764081895252965
1045 0.0 0.0 1.79873106325863 0.0
1046 0.0 0.2537220104367704 1.2300450384500858 0.3555964872487853
1047 0.0 0.0 2.3569579449595843 0.0
1048 0.0 2.3370227101398133 0.0 0.5657307773264341
1050 0.0 1.1831586671030068 0.0 0.0
1051 0.0 0.0 0.12405041815576762 0.13396935929175702
1052 0.0 0.030740094242158737 0.7152955001045721 0.0
1053 0.36378491707925964 0.0 0.4075781297897337 0.0
1054 0.22186082232228388 0.0 1.6175716118672128 0.0
1055 0.7577980293142552 0.11561969319533769 0.8762025339370921 1.5890511945904273
1056 0.1980681504087114 0.0 2.1398527553062463 0.0
1058 1.0823538098735588 0.4205606423720829 0.0 0.16574469961892274
1059 0.0 0.5327073434445562 0.09816131838875858 1.293678213452254
1060 0.13136848829138978 1.4906778678672834 0.0 0.0
1061 0.7565166936004384 0.0 0.30703329059146384 0.1795624827006076
1062 1.0171801338753064 0.0 1.7753923908274891 1.6344665662646
1063 0.0 0.0 0.4962016726230704 0.0
1064 0.08386392405664485 0.12840705752593934 0.7433659808356231 0.23977352946046732
1065 0.5614484477570166 2.4684486253825155 0.004048548999204524 1.6383781225832306
1066 0.05658647985516348 0.0 0.0 0.0
1067 0.3234823801138099 0.0 0.8239055423790734 0.0
1068 0.34856964984512834 0.013162537473191066 0.2257597124025056 0.0
1070 0.8508335630097122 0.20852291934682132 0.0 0.9238290583813572
1071 0.0 0.0 2.124696017807387 0.38480270617638324
1072 0.27017057287161533 0.9200646519686273 0.14274531304971216 0.12905965679320194
1073 0.0 0.5915793335515034 0.0 0.0
1074 1.075143117248106 0.0 0.0 0.0
1075 0.0882554566519078 0.8132317717037121 0.2241499672427646 1.7050534091692673
1076 0.0 1.2488897041642848 0.0 0.0
1077 0.0 0.0 0.12405041815576762 0.06698467964587851
1078 0.30116152683337905 0.5739246064205598 0.9270563191008374 0.0
1079 0.0 3.0893587418800745 0.0 0.0
1081 0.8239994627874039 1.0147706847260038 0.0 0.0
1082 1.1121461408594752e-06 0.0 1.9848054714537922 0.0
1083 0.0 0.0 0.0 0.46889275752114956
1084 0.0 0.0 1.3645545997134434 0.0
1085 0.7619797082366282 0.0 1.9559181017570886 0.0
1086 0.0 0.0 0.4962016726230704 0.0
1087 1.2449025568135967 0.0 0.0 0.0
1088 0.2174090136021973 0.26783933330493476 0.06718299942079092 0.0
1089 0.0 1.709006963593232 0.0 0.0
1090 0.0 0.7230414076740597 0.0 0.0
1091 0.46593675329918904 1.1399629342726734 0.08826769362812606 0.0
1092 0.0 0.06089095734987182 0.06659241156662184 0.0
1093 0.49711856861319426 2.2489800649030105 0.0 0.0
1094 0.0 0.0 0.0 0.06698467964587852
1095 1.353740142423589 0.0 0.1361237301911518 0.8628941863633977
1096 0.0 1.7010627438833894 0.0 0.14206509360679861
1097 0.05839441251759282 0.06363093666375193 0.0 0.0
1098 0.46602294644436437 0.0 1.8461438642412276 0.0
1099 0.0 2.271803792465454 0.0 0.23028549241143847
1100 0.0 0.0 0.1240504181557676 0.0
1101 0.2151434082915563 0.89003313217571 0.3444059237865248 0.34194099208568884
1102 0.0 0.0 1.6910544015539664 0.3842250930569593
1103 0.5208587668390858 0.21379424024814725 0.0 1.0411286790918042
1104 0.0 1.77473800065451 0.0 0.0
1105 0.0 1.4427982916575046 0.1891749738701833 0.0
1106 0.24285585447544394 0.04653509865955935 1.6933023469877102e-05 0.0
1107 1.8506739595491193 0.0 0.2663838745664683 0.0
1108 0.3057411860203244 0.0 0.285125024469546 0.0
1109 0.10315830314729513 1.4789936800574242 0.0 0.24625509426205308
1110 0.051297017369836245 0.0 0.12984826982284048 0.0
1111 2.489805113627193 0.0 0.0 0.0
1112 0.6353112083707009 0.9507055811463275 0.0 0.288648141702687
1113 1.2822843548954426 1.4197089856803262 0.1699878390833098 0.0
1114 0.11375150773986117 0.0 0.0 0.4682078968527127
1115 0.05658647985516348 0.0 0.0 0.0
1116 0.0 0.5898699795255169 0.0 0.20269599429010246
1117 0.0 0.2948201583298995 0.28002828970643984 0.0
1118 0.0 1.6432759265319534 0.0 0.0
1119 0.0 2.535859013271093 0.0 0.3631022069784132
1120 0.42825138261189843 2.41751226642421 0.0 0.17771427876629517
1121 0.0 0.11227202798672958 0.5763350186938219 0.0
1122 0.024892956733982265 0.40665414693685414 0.14721384389803527 0.0
1123 0.0 0.0 0.49620167262307036 0.0
1124 0.0 1.5723601082574787 0.0 0.40719174483272674
1125 0.5159166041331719 2.0299510951783106 0.0 0.0
1126 0.0 0.0 0.0620252090778838 0.0
1127 0.22570594659282378 0.39512961686352693 0.0 0.0
1128 1.0377094702704768 0.38157785806441036 0.477745846768843 0.6131739876346747
1129 0.0 1.2488897041642848 0.0 0.0
1130 0.0 0.0 1.5506302269470948 0.0
1131 0.0 0.5165524616446675 0.18154802813395243 0.014362749038958799
1132 0.0 1.77473800065451 0.0 0.0
1133 0.0 0.09253345169924448 0.9050868058312322 0.0
1134 0.3696692931934123 2.161146704276966 0.2225803148856035 0.0
1136 0.0 0.8275452700217605 0.0 0.8312885228437463
1137 0.0 0.0 2.0468318995701655 0.0
1138 0.0 1.72276070407926 0.0 0.25392266252265705
1139 0.12127669830073072 0.056317708241670796 0.0 0.0
1140 0.11624812525615717 2.1500408635306645 0.0 0.08279175204068849
1141 0.0 0.4601172594289471 0.0 0.0
1142 0.0 0.19719311118383448 0.0 0.0
1143 0.0 1.1831586671030068 0.0 0.0
1144 0.0 1.5118138524093974 0.0 0.0
1145 0.0 2.5635104453898485 0.0 0.0
1146 0.11727490936223406 2.764669309711739 0.0 1.3977811689904776
1147 0.7668731597721368 0.3542292016135777 0.0 0.4728245146007612
1148 0.7459381032070607 0.0 0.7950225504134139 0.0
1149 0.0 1.642662224247684 0.062604311647921 0.0
1150 0.0 0.033015531610374176 0.46504751254125287 0.0
1152 0.1282895151753974 3.531916561844742 0.0 0.0
1153 0.0 0.06573103706127814 0.0 0.0
1154 0.0 1.055649587211555 0.0 0.263910331628875
1155 0.0 0.354674648174043 0.0994978978150976 0.0
1156 0.3254100401483741 1.5611132829204468 0.09411371347377653 0.2667308926777514
1157 0.0 0.0 0.12405041815576762 0.0
