9.591838137500816597e-01
9.534188713601006171e-01
9.469424281255712783e-01
9.787317472469583279e-01
9.164821551159542112e-01
9.327843350194098271e-01
8.274614135037752227e-01
9.688118145835706851e-01
9.553908654511646947e-01
9.706409576947908624e-01
9.482822549485956376e-01
8.876596538507096623e-01
8.823170678631672148e-01
9.292709023417438097e-01
9.718881683152967854e-01
8.804303800240151912e-01
8.468318043093134850e-01
8.205653904170611135e-01
9.111242659092290141e-01
9.276528826191829946e-01
9.169517049529481989e-01
9.439561099766891061e-01
8.704417307687704053e-01
9.360882823256675422e-01
9.659902511305812345e-01
9.677701782476570980e-01
9.076993237366050016e-01
8.839599402622830837e-01
8.862401564124204878e-01
9.521514399333551593e-01
9.441730472833432808e-01
9.492306839728770207e-01
9.430252889603509825e-01
8.712216914664370204e-01
9.069940828407364597e-01
9.069980970055870895e-01
9.802135666206674980e-01
9.065104490072244392e-01
8.191259283777011513e-01
8.072121344929080733e-01
9.093318171875104383e-01
9.104377395585401267e-01
9.592239703204751278e-01
8.904575229973138439e-01
8.524589478207196258e-01
8.903618020624431972e-01
9.272932977869597915e-01
9.459801785466284141e-01
9.162081032063605912e-01
8.913527906611901086e-01
8.683987258083718519e-01
9.215848888833946262e-01
9.034378124617173933e-01
9.530901412552404972e-01
9.277810688687445628e-01
8.402282753570476936e-01
8.550857865047518658e-01
9.053481249791224261e-01
9.525253211370166007e-01
9.778357756675030155e-01
8.188434053332326323e-01
8.629876442198503028e-01
9.288321041695768443e-01
9.005340046907972518e-01
9.290842448028433509e-01
9.288396390679980463e-01
8.842052213338806865e-01
9.252508657283030624e-01
9.431108734338875532e-01
9.143736661764133578e-01
9.522169894917054123e-01
8.865281115602087203e-01
8.804231443374528343e-01
9.323036887443511000e-01
9.499716257871712033e-01
9.191802362056163966e-01
9.288113364090756496e-01
8.595906438795413163e-01
9.412499411347539091e-01
9.570778416736003269e-01
9.254845274929822674e-01
9.639347525739985212e-01
8.877107340852988804e-01
8.859938842337203857e-01
8.750592409519662995e-01
9.323656644922192482e-01
9.162136927103596840e-01
9.156773553849560932e-01
9.162235498564014202e-01
9.276127670638656397e-01
9.569825600433389257e-01
9.675860988097586546e-01
9.856148070644744630e-01
9.348858179009206237e-01
9.283049326604664309e-01
8.976242523029080989e-01
9.571310873264191610e-01
9.791746239307449473e-01
9.588775836894547488e-01
8.848086247489198586e-01
9.341574942136596782e-01
9.437587799002399302e-01
9.230166627520712819e-01
9.435746136443049492e-01
9.085175488472214678e-01
8.987951305141866909e-01
8.818429965086220790e-01
9.107560247631291128e-01
9.298249191166046979e-01
9.416297964044437752e-01
8.758248270739602548e-01
9.127375219540905249e-01
9.349133176924001587e-01
9.665560266266082223e-01
9.742404266125396228e-01
9.075850002666325800e-01
8.563617744101296170e-01
8.415535768926084570e-01
9.346496552890720677e-01
9.155285600077412989e-01
9.289043693132541524e-01
8.933929304060004295e-01
9.482473299547344858e-01
9.414584316889579307e-01
9.383856519218338743e-01
9.741915910448197824e-01
9.171635987501060017e-01
9.069687832912090020e-01
8.769013188563314909e-01
9.269073845244135690e-01
9.403773807387829642e-01
9.556501546203610697e-01
