9.534385661292456016e-01
9.568368775942426296e-01
9.441233533197880279e-01
9.807866319679249267e-01
9.171265609372912797e-01
9.216675077292109108e-01
8.319387516123237791e-01
9.622602083710931620e-01
9.590592774251046615e-01
9.650294509279803146e-01
9.443602569288822579e-01
8.701787545773147503e-01
8.968438909661750058e-01
9.177116405655726394e-01
9.699161297922173075e-01
8.720341226862313722e-01
8.483433699691328433e-01
8.222463945198542623e-01
9.037109791889509358e-01
9.497748544170081519e-01
9.058931522239055401e-01
9.308112148007543496e-01
8.609396823857322634e-01
9.190277357421812177e-01
9.573656948665437705e-01
9.707802443095245870e-01
9.095855628814816241e-01
8.974680877075272845e-01
8.923344255214952225e-01
9.416375920776116626e-01
9.462655344567647564e-01
9.689355711756053591e-01
9.510010372262176492e-01
8.690461764620200924e-01
8.751665915516294580e-01
9.071516765147383810e-01
9.734857138396408871e-01
9.024016723140322327e-01
8.737005178169390263e-01
8.457460107945388161e-01
9.098230822826710584e-01
9.142349537536599291e-01
9.539095658783186549e-01
8.891093761871750045e-01
8.642843370727754104e-01
8.810352745207876701e-01
9.184787263441878125e-01
9.434780436174106111e-01
9.101163087008691255e-01
8.612755453059879329e-01
8.703143871602512238e-01
9.225060009905143854e-01
9.134785877684764577e-01
9.545661310174562431e-01
9.338697009559080442e-01
8.163049087322584718e-01
9.007883174573938501e-01
9.260318443307766767e-01
9.564348837483446220e-01
9.526197737554754630e-01
8.463013976538500405e-01
7.989654939461848793e-01
9.248450113805110062e-01
9.003007120479240566e-01
9.405707568970752552e-01
9.271375464343674100e-01
8.887141745663512671e-01
9.465198864171494586e-01
9.394028132954996835e-01
9.485500444500311046e-01
9.443482636416252740e-01
8.937163980381132022e-01
8.658643551286415718e-01
9.320778880717820458e-01
9.551985613980226164e-01
9.430683497875271826e-01
9.080645816454073760e-01
8.512668719242446613e-01
9.047022154896208201e-01
9.602930678741109505e-01
9.128745000652982444e-01
9.619197043804201819e-01
8.472865378252292246e-01
9.167236828906445423e-01
8.696718266959936328e-01
9.237941345141433835e-01
9.215321223182900701e-01
9.167124582110679487e-01
9.107396616167156012e-01
9.295364250331015210e-01
9.598144031443657243e-01
9.677858882365291127e-01
9.866102331889502475e-01
9.367848799850122532e-01
9.210625817886912703e-01
8.885441957201591912e-01
9.506605395089219313e-01
9.835364864653062256e-01
9.570686207721804672e-01
8.833254824031573360e-01
9.097560155500152845e-01
9.407676351183462682e-01
9.282185947548071692e-01
9.694349998724773876e-01
9.027945618418133922e-01
9.107086217279786178e-01
8.747391169103323483e-01
9.174612565243085438e-01
9.232511960257190342e-01
9.279728775596688406e-01
8.867088069265302019e-01
9.053201759586373409e-01
9.233224300741409429e-01
9.608384737531171504e-01
9.784971655548413416e-01
9.077065303200827495e-01
8.386457840809740105e-01
8.382630348742170501e-01
9.318240228045383544e-01
8.825113283003070963e-01
9.346364092634165122e-01
9.113702312810357808e-01
9.427952071561254144e-01
9.270308685121406711e-01
9.509527889629751929e-01
9.782242938016416645e-01
9.301403898227476041e-01
8.898708895278983899e-01
8.694176275664712294e-01
9.388900576012731980e-01
9.417796367243949085e-01
9.518457060756057020e-01
