9.555016493574367553e-01
9.607212656221943980e-01
9.591385847309152890e-01
9.767666323699215614e-01
9.150387121455948458e-01
9.335952424308097131e-01
8.410750861717781746e-01
9.651809655275463973e-01
9.602447281224039122e-01
9.704280058439973544e-01
9.370745217038374264e-01
8.926356618541909649e-01
8.812494825219278072e-01
9.358008583388244261e-01
9.682875621517856857e-01
8.654290856521711373e-01
8.702408570381275910e-01
8.142787889009875935e-01
9.086084268039964496e-01
9.265254306370493964e-01
9.125049316021049961e-01
9.385734430357031144e-01
8.888343503843472160e-01
9.222023173202114066e-01
9.625238261568938025e-01
9.588068489079464296e-01
9.101777597723235136e-01
8.994280198794537551e-01
9.007407806425922203e-01
9.445829876117654011e-01
9.390468202615954718e-01
9.600378646284650763e-01
9.179867018492623432e-01
8.617264477990722593e-01
8.780616512121045547e-01
9.073731050551936406e-01
9.767201002451355585e-01
9.075116538929480781e-01
8.447576925863793385e-01
8.347591039439152816e-01
9.176852469653632438e-01
9.229068471050483335e-01
9.554188304251195474e-01
9.210095322572859899e-01
8.701753539696295281e-01
9.198177999126501136e-01
9.154260969888156074e-01
9.479736913484833050e-01
9.152063564319148359e-01
8.839216322296371553e-01
8.697369924681656039e-01
9.169645699565824870e-01
9.270684969291146382e-01
9.529576760737862307e-01
8.973440275866723104e-01
8.485599948578198548e-01
8.877323355225014145e-01
9.079877109168382754e-01
9.513835534824766071e-01
9.552121977362363348e-01
8.648917170265751908e-01
8.390120765329592833e-01
9.291278605395647539e-01
9.108411414481314416e-01
9.329193485542026654e-01
9.253086272371223719e-01
8.916478570725306918e-01
8.948925548545981767e-01
9.429743083615985677e-01
9.373267712268300578e-01
9.651669083753789957e-01
8.965858622371419839e-01
8.819969536533093235e-01
9.255773361848761427e-01
9.326641618645584719e-01
9.199019791778270116e-01
9.338345189663961321e-01
8.694288645374762536e-01
8.927276984578655927e-01
9.652831456701683743e-01
9.379363924554029452e-01
9.617399507644084355e-01
9.190602030759424945e-01
9.008075115784088815e-01
8.825165630729903121e-01
9.243985516413697479e-01
9.223750434907307394e-01
9.346845251606096250e-01
9.064361517185316464e-01
9.273327507346532661e-01
9.466525984525752113e-01
9.643641532820655948e-01
9.828946200758419405e-01
9.491225433907072295e-01
8.995403395696487392e-01
8.561154416935202738e-01
9.414585504050805298e-01
9.807429192067724788e-01
9.568538550345406790e-01
8.771663696979794533e-01
9.555447033966385506e-01
9.469936304295192286e-01
9.349553742616941721e-01
9.620697330810070724e-01
8.979295646578482337e-01
8.813757152700379960e-01
8.659610151873071704e-01
9.222565185272548760e-01
9.321000390893583454e-01
9.403392703127537722e-01
8.788603960722239927e-01
9.136986324659656100e-01
9.199651317247605764e-01
9.575955151307484758e-01
9.756291328500528159e-01
8.653886449520565849e-01
8.095625348045976111e-01
8.508449422044968014e-01
9.374838233460229819e-01
9.277463991569975255e-01
9.302640138120770175e-01
9.033916522243657932e-01
9.477285460604399914e-01
9.288223153163454038e-01
9.401791859695562970e-01
9.793983140087787476e-01
9.189168924519756088e-01
8.689623054441169003e-01
8.718504135776548036e-01
9.295195605597694755e-01
9.479001232513706299e-01
9.475536690399264383e-01
