9.533325567865377215e-01
9.535350782935185787e-01
9.397857532441789008e-01
9.745939661537057486e-01
9.262900568199626816e-01
9.289749989003276420e-01
8.572484169576756186e-01
9.615541957583816357e-01
9.600834284555310738e-01
9.699873786849447788e-01
9.519706135262253621e-01
8.948734303341369101e-01
8.876766519174926762e-01
9.254380237704313839e-01
9.510860518973305311e-01
8.388672986419670741e-01
9.003437601698189852e-01
8.488544337832450992e-01
9.049789752950908595e-01
9.293091886764424103e-01
9.133636971480240119e-01
9.346033353832360335e-01
8.935936942952910078e-01
9.201243939973674513e-01
9.620103014166832001e-01
9.655465948959367495e-01
8.969978026403807592e-01
9.033692359951409623e-01
8.756438708550586814e-01
9.427342545046735189e-01
9.366874806759620808e-01
9.522121561885341645e-01
9.183085439499232283e-01
8.643720016622670199e-01
8.629546599462036838e-01
9.022202059871403668e-01
9.729461611405960664e-01
9.020787861957150211e-01
8.754887490018726792e-01
8.393854315914502928e-01
9.069505487611471128e-01
9.135055113081684830e-01
9.592337805079725888e-01
9.162047030039381923e-01
8.679827637718962041e-01
8.825242355936748773e-01
9.190098897307573678e-01
9.441163607893099385e-01
9.078192042971516829e-01
8.878129167427969426e-01
8.689829075008386194e-01
9.216924865105909914e-01
9.277519711418968917e-01
9.573522584686170456e-01
9.261156577218612185e-01
8.438440790372524480e-01
8.710898844332264357e-01
9.152217385902087221e-01
9.422806084457661102e-01
9.550264248647767351e-01
8.652769874205775702e-01
8.337154644546594939e-01
9.220868979194586368e-01
8.981531467754122477e-01
9.330261040407878959e-01
9.288820093973876313e-01
8.833967692965575269e-01
9.282318828295558211e-01
9.416313021752901191e-01
9.483534919229842375e-01
9.675961224718235831e-01
8.835263116101270686e-01
8.987441672149908412e-01
9.112602845089846637e-01
9.366837915418022575e-01
9.297578051585251302e-01
9.345644820775917960e-01
8.684397117429434321e-01
9.462160777876735818e-01
9.563356705353716070e-01
9.213660155887170022e-01
9.704533108357907834e-01
8.565503930208540062e-01
9.080312735929656487e-01
8.826923149142243963e-01
9.327688412249230954e-01
9.182306096506420712e-01
9.257272113218694143e-01
9.234172387514613112e-01
9.328954967779823360e-01
9.530473564856445368e-01
9.613494544306366851e-01
9.880820816525693884e-01
9.357153951987132734e-01
9.128534183538012936e-01
8.578317199855287623e-01
9.559246552874056668e-01
9.831860486895456219e-01
9.585397193461918652e-01
8.766147594259392495e-01
9.284115202643977716e-01
9.412247503584789676e-01
9.179793788109666952e-01
9.605951192823262152e-01
8.988272308998891402e-01
8.971623641255941362e-01
8.738809817645787348e-01
9.108871613276412482e-01
9.285221525905604789e-01
9.385448578320791935e-01
8.808388676795959604e-01
8.964407637945710494e-01
9.250588546040821036e-01
9.618999533260286228e-01
9.763055842076545643e-01
9.067964499697667158e-01
8.257945579519267998e-01
8.760830463685956859e-01
9.298750289239496869e-01
9.154521040425099843e-01
9.313615541877273696e-01
8.890855919170390642e-01
9.425986906504500995e-01
9.383888506287494380e-01
9.450371375221522374e-01
9.717685128100923553e-01
9.254773985463211616e-01
9.032730889368150162e-01
8.678057317663806502e-01
9.347704479989209503e-01
9.534177659872398181e-01
9.520406486631480814e-01
