9.515708403651554903e-01
9.648074733234554001e-01
9.591230499778530261e-01
9.784223417097204223e-01
9.172024924505535193e-01
9.174963539861387130e-01
8.470616895355131959e-01
9.703228741010159197e-01
9.550887728552561740e-01
9.685662777348026387e-01
9.461818079929984471e-01
8.854657509512421365e-01
8.927141032388697939e-01
9.266160745843413649e-01
9.594857831741743226e-01
8.862237351921632422e-01
8.883590354457016058e-01
8.319163137063426694e-01
9.074318003430251744e-01
9.417650642239585590e-01
9.161154291087098001e-01
9.444624909203305219e-01
8.834515783915914966e-01
9.304480323286821175e-01
9.605661193027783540e-01
9.639392598950667912e-01
9.139952472610449741e-01
9.084389106327204200e-01
8.686775526812778869e-01
9.479665747455697788e-01
9.403789785945387836e-01
9.497935102792977036e-01
9.533769978766880593e-01
8.633657325454662246e-01
8.907310153883680748e-01
9.371355973214932078e-01
9.798108087014538725e-01
9.089742874791272298e-01
8.805745234368680396e-01
8.339727802559269154e-01
9.058986298036389995e-01
9.126330033512018991e-01
9.607740470345773609e-01
9.180073480364366878e-01
8.729974552302464108e-01
8.908614503103302606e-01
9.233024577400302801e-01
9.549493150037569045e-01
9.061040318746296229e-01
8.792808899441442172e-01
8.609600786728420774e-01
9.186359312560981039e-01
8.940929053824334671e-01
9.616795194798969382e-01
9.177045311643795555e-01
8.339983907405502661e-01
8.746045631596751635e-01
9.093345974359400286e-01
9.525674033467589341e-01
9.558100318149258534e-01
8.343989563907996398e-01
8.056358295083733134e-01
9.254912930152040529e-01
8.965502141730629093e-01
9.481813966395478133e-01
9.328623706676438809e-01
8.885037250115856988e-01
9.008873309358342851e-01
9.377819280721783057e-01
9.482495964169552760e-01
9.596064285530394589e-01
8.878024040757588331e-01
8.942209049474000304e-01
9.282572441924087370e-01
9.558107018923824860e-01
9.254677002897120364e-01
9.013776284514630754e-01
8.838169354018455826e-01
9.444088624503161888e-01
9.605445498934144233e-01
9.334991537859442801e-01
9.589377377003116543e-01
8.727672121239523628e-01
8.823846978886304981e-01
8.793442185672434297e-01
9.167652559498173925e-01
9.163884118064984374e-01
8.985385063666703198e-01
9.251499300661693015e-01
9.503739537212324562e-01
9.520131486710681212e-01
9.734112881035942300e-01
9.868353647369342285e-01
9.379121417000407801e-01
9.136428452500247044e-01
8.738693625716634772e-01
9.516727110832147174e-01
9.837081337767020761e-01
9.571834568040501479e-01
8.817696639274290593e-01
9.145925143086124365e-01
9.451832622918285853e-01
9.090239776608086686e-01
9.599140802891803492e-01
9.090101296588691815e-01
8.976409187673675127e-01
8.582791508332930919e-01
9.086497743177881503e-01
9.349368155163547689e-01
9.302836775702488792e-01
8.776615912966754252e-01
9.274093397038593034e-01
9.282117484735229462e-01
9.646822613687889847e-01
9.806835704818934740e-01
9.119659449961586839e-01
8.186305426827420462e-01
8.688579761167053439e-01
9.322406138766302641e-01
9.219974795939552825e-01
9.281365866486843696e-01
9.000683193240684998e-01
9.399820952625230763e-01
9.353283691930135424e-01
9.462242515005583332e-01
9.767942996910420339e-01
9.199802759529590590e-01
9.039652605327994639e-01
8.776478498788724547e-01
9.296197212459743620e-01
9.436786494487965360e-01
9.468724346379108203e-01
